100
63161
164743
126653
72309
67556
130628
45008
63233
38381
170462
110761
146425
179849
100856
17096
93130
43176
60098
150912
159470
71213
117070
23742
68325
175374
157756
2631
51916
58338
72749
15446
55585
142091
101231
37131
166133
67975
72550
111131
66368
145429
133966
188968
412
55543
155649
125743
171267
156979
66709
95598
120339
147027
186155
123041
136049
40781
115292
42376
143327
93725
157344
96237
157921
131423
85890
181080
3009
155936
129233
119017
70018
183832
187247
199349
48087
101734
151764
198021
106920
157892
132958
146798
55133
76609
151627
163098
161826
127162
140912
125404
38540
129118
121048
113667
188624
146466
188184
172389
76091
50