1000
176423
142922
107498
8869
61486
188672
141649
61412
174752
39096
10774
48827
124725
182316
91934
55685
79732
196560
162788
143222
161382
46601
22811
64809
54895
94542
117315
55514
154418
146250
127876
51443
131718
153194
53922
193696
8423
198324
64191
112422
120524
122348
141259
58041
7999
35431
63347
83847
48555
48600
140628
72010
198954
113641
19688
152711
62902
187583
149096
50641
32256
85241
157572
149832
113050
178297
7985
102336
131713
73274
121950
58871
138852
99782
92828
85938
58826
35176
141508
155549
134803
55762
39516
110491
36737
109559
190471
6133
54932
8412
192851
99789
113090
168664
115
184395
8425
122114
59250
138312
22047
41936
172050
187603
60872
163149
153605
17718
86321
172787
196404
155254
137885
171234
176901
183353
77646
154118
26627
7314
97569
88503
115905
169896
22131
97233
115577
171470
177390
160160
165712
135160
49825
82773
89766
135202
34434
89783
76126
110412
139569
37136
183176
119514
151492
37942
8144
122392
66025
84738
70402
30303
76476
109940
133190
197016
199830
27644
109871
148449
172729
118691
178542
10901
64307
117003
80977
196498
115263
155809
50026
129702
165189
182921
85131
9438
35645
87314
79070
152885
34923
11163
63623
45114
178443
141736
65700
154731
149073
139206
16485
56698
49515
113993
182212
65663
24062
162974
188198
100688
105093
113185
102975
177536
136672
195808
73155
99932
47333
50884
131945
150078
35041
18879
7305
175381
46053
108274
106294
31869
146484
152765
151286
1070
96816
143093
168339
78003
52223
195611
140837
404
46711
146957
105684
188347
24982
149352
117016
94752
60845
144520
67180
96519
188195
101155
32002
69407
192867
31561
191179
70134
33926
50388
124379
20850
126146
64643
187653
153169
152965
61792
68456
82066
27943
110702
117850
37255
83664
12478
26205
82925
128069
139732
193659
171810
149854
144873
183656
119415
65069
108805
101531
191495
192925
105784
33030
118666
118341
136885
166770
91789
170545
73356
138701
9876
81268
120866
12309
89775
83656
184693
137128
2802
192921
106882
195201
84884
146528
76724
145363
82873
148478
162988
123602
12227
28429
64868
196118
189029
128967
183
42735
11212
112298
34224
46103
127716
102439
59765
108488
182003
111877
193472
109125
132222
9878
105243
42073
110226
48600
162023
99888
181752
26423
90405
86651
13775
151925
64415
92141
196041
101694
192317
4053
118033
59324
59562
52054
134301
123327
176227
141697
115778
122700
181653
160724
40397
134290
37977
62573
128638
20126
14598
62373
23154
126507
51258
181808
124183
38298
59027
154527
100929
57174
16085
13947
169176
79670
144256
85901
122758
61546
171860
168712
45188
140389
49977
145415
112947
79370
1412
79728
12279
12658
192926
183313
76996
68243
74
136951
52209
61906
61757
70350
121751
169462
171587
122514
14418
176128
146646
121169
124788
192808
157871
86494
64017
31632
35928
55198
144340
24945
62761
44873
171585
12058
55093
36469
106433
120389
124762
166541
145015
31301
76164
175404
76652
93508
156034
5219
12875
52397
85222
50270
15921
134308
146604
76907
115826
190919
138550
69407
178135
21378
152390
94930
154060
145900
162077
99371
176835
8644
153353
192120
48414
144155
117463
68979
77473
116901
194029
54204
180005
144425
183210
131189
151940
185837
177711
53195
185056
85139
148359
198345
85308
51078
110223
106301
18754
132187
64097
190905
142313
168088
64801
93843
126882
159653
145693
188019
11698
74460
196438
129315
155465
173762
13358
168258
170500
24246
10774
187053
26235
77679
62315
23720
180123
171112
11818
94760
29494
147018
25514
76967
47628
135713
90601
187440
60150
112996
40442
50619
22606
141350
172736
151989
2412
9137
199609
151388
82411
64087
152421
116136
153011
154693
161627
149945
171979
155120
24024
113282
158327
156101
181467
11763
70677
131090
114948
164095
144765
171281
154318
106607
93875
83942
6543
150571
150290
196234
82473
186210
47435
96665
134084
51835
78468
186258
134164
121831
197032
144748
131003
93275
166586
102245
191877
30860
173346
164751
12736
68180
191630
72911
113173
4239
121876
116417
186372
114582
149559
77629
104922
180540
54083
110624
108611
31702
167021
99685
17508
90666
158216
104536
112081
137309
71737
63760
79724
23544
166085
173244
61139
135027
75956
197396
90270
49007
41780
157622
624
17649
173683
44145
112966
32173
8463
52471
194730
7530
111728
99266
29697
143765
104894
34676
67919
63290
186482
100650
20444
164744
148527
161124
175740
136082
50278
198512
130649
109003
74424
12937
127310
75664
72876
96252
167321
177844
183257
181547
36906
18700
156429
197851
185910
163680
123110
134741
132894
73703
31016
92230
112374
195350
57224
69834
2878
54148
157445
124415
124068
143231
143839
129936
121690
15580
3058
18018
197487
104100
146184
155846
146846
79778
140977
110092
96318
104395
126050
106461
85583
20235
106742
132186
72471
66461
125356
115605
115139
184228
182585
99400
24510
117308
37491
59674
86607
166760
121549
119153
116394
162080
62931
58814
136953
161952
685
188
45426
144768
292
91458
8692
31184
79860
69627
6982
122089
34517
199644
40608
135279
98497
150149
77079
75550
56346
121688
56456
194062
148341
164713
41086
27106
197804
84284
77024
144578
64427
164777
163361
70909
186751
112149
116570
160519
172839
167626
126451
125336
52809
30285
27563
188732
91066
31891
193898
66556
191940
92390
117538
114558
175540
165200
60896
97831
109083
196077
17826
122711
6820
45731
40073
50143
71849
143460
180832
121704
119525
55403
107317
91078
153911
199339
145015
400
184370
159997
130655
145028
14932
116946
157375
45013
132036
30003
7642
59058
118419
40973
181064
1464
51689
166170
83198
120546
118472
160347
51043
29701
199724
74344
195590
17229
46138
102477
153525
26606
59640
189709
102403
25069
64261
93988
6693
27716
184607
25128
194679
19948
105266
177776
178060
116556
187752
31805
30809
26519
129480
31119
149531
192484
57997
104995
35803
73021
69855
41691
186449
1619
94602
69427
26009
133527
167998
39916
167318
144724
66631
114600
22791
32620
192348
100562
71159
188992
61285
107250
180677
57925
26787
104262
49979
91229
73347
87324
34441
183621
143641
151574
54484
192151
185779
172184
28089
112561
59182
127699
82850
65718
199341
158434
22415
126159
88551
135857
114851
135383
147036
113858
149452
162112
57124
125987
76241
75620
129256
79545
45315
129434
38404
177281
142704
189831
48652
137617
14050
45555
59687
58651
160712
115527
55680
149333
44547
43498
1798
12915
57587
143520
30105
188766
66482
138447
167478
188525
19694
37969
199112
75209
52677
124307
100510
145414
160604
123377
27912
154590
127348
104366
92377
12864
37512
107444
26553
158364
170570
138472
1000
100