10000
152424
178431
107779
75366
160015
29953
90265
77976
117554
12361
156104
191574
65456
198704
83816
82054
47495
169135
99189
164517
59115
116389
116560
98577
169092
23742
163034
193401
63954
153671
24833
34195
83955
128322
161538
53484
35810
163568
27934
54516
77363
133223
43777
53019
97710
164782
38626
62079
162538
197297
180160
50811
63686
84712
11612
42230
146275
169091
150404
109989
100173
60613
123456
28830
89086
180803
198528
114464
199014
61433
189803
33237
88328
123547
94507
65484
193957
140577
135756
153936
186390
47395
95321
116315
88578
41279
38932
119242
170433
10333
185255
141632
24135
156062
17813
153180
73857
66564
143168
105102
150378
137
37735
29865
68096
101001
188160
13481
60250
142721
21977
40608
997
91881
187642
26243
75493
164327
51102
34376
122878
14696
177782
62462
29684
130788
182162
147051
95978
188143
189138
193742
96131
198423
148727
116401
109910
154820
145054
62383
126356
136516
40081
87223
116461
152188
150178
29301
131026
51352
75512
162536
60985
174447
76060
153459
147000
141083
76235
149315
104293
186110
74413
45976
64533
13830
7429
34878
156197
88249
29863
49789
40171
120355
2794
56664
176941
18786
78196
152598
135018
194896
188211
90652
110516
123227
180246
162068
136494
93037
177011
68513
167045
50397
75512
108626
124403
52709
45318
93538
186042
18877
195620
133826
86752
14116
45088
62936
197781
160188
123555
143674
2575
51377
153782
101054
126727
90034
162001
36940
114098
40519
60049
33886
90546
163353
9868
50843
83273
101287
88699
138728
147376
41182
16372
94462
130465
98357
2121
29420
79614
39099
179984
68140
114193
93297
167520
154751
141171
42746
107118
13731
106322
160497
186796
106422
109860
198775
57564
178460
150134
39756
187110
54533
178949
116878
27012
166219
178676
101000
69443
105946
81964
178537
82656
195868
62237
72307
53814
121355
77972
129787
57672
164603
87782
161461
115382
61118
156727
40777
22283
44720
159389
154271
99973
180320
19035
78394
10942
23700
29774
165089
145078
8362
85756
39928
67065
32413
53284
67199
37860
180163
108639
154276
85288
146593
66081
123820
154383
25838
104823
63555
14018
74224
2024
28162
17183
163659
161185
146009
173733
127588
82971
156635
169501
20803
193447
6715
47197
114921
54753
86212
123099
39858
85905
15834
144459
184658
6950
57254
13188
157012
180311
138450
91410
152086
15335
178720
145915
152906
176950
76965
129360
69489
131019
98635
163280
28938
149409
37371
124447
119991
189686
154830
82030
157738
157556
48679
135999
30332
198186
180180
115758
98620
168613
22848
1348
100357
145965
116744
170034
167718
154217
75975
63792
21821
146368
133091
130148
7414
47743
70667
162383
81805
120632
60584
124318
192803
63699
43762
159193
164104
68719
194023
153845
8987
167724
195365
138329
109572
103830
106097
33502
194796
182301
50277
124105
75975
130177
102743
145053
136616
27772
67034
92825
102195
1110
156306
122591
151241
53720
75523
181813
187755
98598
188591
33011
194775
21429
7576
119553
66275
100426
183658
18492
152196
53884
168361
38255
104698
11122
31574
5072
123898
146609
80680
54579
131128
62506
23483
98137
3204
193294
169387
13600
147738
198500
59766
154874
83739
20409
23433
14473
179446
76483
13874
65127
39347
38838
83807
123291
57940
125016
72495
194588
51352
187652
61549
45337
22701
118316
152033
25588
155580
73219
40360
103920
94216
198535
92320
152657
96665
29965
24745
20274
113901
145960
196738
185002
178099
122698
83775
122020
109192
149001
50551
40350
45775
112806
141599
8593
196753
18085
86973
12767
29623
41976
146796
152584
21035
122614
47879
123612
188533
149080
11143
121079
128075
82084
176013
179851
152019
67396
15525
27023
101688
122710
84477
54752
91011
92342
79382
127989
59561
45911
107137
67452
36387
92868
47001
161445
58125
137167
171337
168715
88783
141758
196016
148812
75550
38145
122793
85537
121328
157087
70455
9772
116910
130162
103079
199479
99270
179220
177701
175532
114467
161172
100137
114019
13002
52212
183236
746
82872
78123
71934
150956
14722
155506
109385
51441
64648
140127
70727
93376
31623
21285
181793
43139
34990
187527
36746
17774
118603
3133
167413
153072
113774
160383
91849
60717
184425
22409
154095
16273
172915
171631
129317
158946
87709
59448
161727
145574
199954
76159
46725
30972
9470
159445
97434
191207
194161
84948
58508
32787
62460
66479
133299
289
74393
199349
33345
411
180170
128059
167884
54039
121456
90034
174334
2627
159701
56754
186107
35027
103172
30915
20751
37599
124193
96656
46095
107532
36206
155061
196214
140975
140750
29861
185626
119297
116210
10622
180646
95845
85986
60375
73518
139821
85460
145940
13544
136514
143330
28336
16697
147177
115034
111975
190282
168491
115543
89201
135473
10103
133280
196320
70834
28297
117063
139305
158296
23950
183740
161238
6895
78171
7360
175919
178040
16270
196395
151093
190134
44172
164976
136139
187206
29453
23673
127777
62962
129076
106014
48590
88389
133396
82157
54002
181028
150039
82486
121194
110037
24937
94100
111611
197367
193918
105702
48554
199540
13431
56457
74084
46380
139492
25450
67074
92788
68733
41733
2454
47762
81396
145865
111953
136807
82911
102877
69142
22145
142399
85336
163964
99653
185933
72871
113269
193285
6886
183364
46494
23349
68657
101097
86601
196877
91623
199165
168030
18988
131204
29473
170871
105097
71990
117729
8154
169202
141400
85948
503
101704
20179
177114
104207
163442
182591
79055
151115
73518
165895
33015
149135
102776
155117
24934
106116
174428
177510
162072
149711
147824
172502
95580
102312
146836
134628
70814
18363
21513
802
57066
6488
146698
1020
49825
154430
104620
158258
47505
167396
134777
49796
107892
17701
4896
77469
145260
101433
103665
174289
149136
2594
188777
129985
81328
135234
86692
160943
105889
122110
87996
144778
153123
37336
130881
64276
28324
157056
104567
133375
63741
150414
38794
21412
77792
177128
38412
155093
15946
10182
60050
38610
69039
30195
8524
109636
86314
19599
18438
179874
49994
184461
95761
55959
51255
156962
190888
66669
100570
174426
188567
94709
159293
54279
15938
33337
60695
185698
27040
70467
88283
80817
85121
49559
65902
174265
121158
41359
166595
72879
59344
184535
80858
118928
146273
179332
49099
44542
192507
133087
129280
84913
15664
21805
198063
152992
186404
136382
142919
112990
81470
37740
96585
26328
145763
1747
161944
185001
8788
103368
33583
86577
36725
51047
35795
48685
37813
185714
169395
10437
79059
105663
55380
83946
69353
10122
25679
71675
19088
47853
131197
35867
42375
41084
29041
113753
136273
4341
100207
42239
86428
89367
199486
37107
10119
46231
169623
40925
67291
62782
193785
51298
49447
117340
11180
83655
187275
106564
49341
186260
156961
161194
36649
161708
31263
148773
102597
110718
19898
68739
114950
29003
177263
132417
8441
145381
22710
171090
173398
179463
118050
20723
110409
136202
27772
104239
161477
5527
120873
104289
21811
155827
180242
2220
170936
9722
39375
74051
147081
119989
185321
148623
102321
127551
1711
80996
62699
79191
85425
156655
126180
8151
87385
96377
173326
194454
141333
121999
124672
132263
31548
89767
183321
183199
112134
104204
119796
55789
196276
145927
8597
28980
7673
49373
131959
16040
182986
194890
162040
156501
93864
58662
2468
42054
173318
182072
181484
180812
158289
98795
56338
33099
97397
143344
182445
77605
173111
85324
186401
183667
89270
65571
99819
170140
101625
163219
121987
114546
27906
148945
79691
12720
108650
18430
162250
106041
65020
193619
161373
182574
184148
67407
40888
25126
163835
97720
23447
111763
83059
44215
38622
46345
39014
158968
71303
42547
50712
185302
8661
81260
147502
184982
91025
61971
192256
146060
144755
139254
105933
124338
120821
33923
172008
112035
183304
75672
184834
18868
11764
77234
63334
57921
33116
110563
108502
31283
174297
21199
158556
66796
79261
187179
164845
78795
3489
27810
9392
197142
199955
107634
149053
187518
142884
127329
4434
128923
120497
57494
43345
144170
152687
2340
184592
186539
68753
52137
193260
28264
125328
88128
99302
102361
122727
139534
65531
193059
156933
51154
165550
29001
149857
185798
126487
47051
173287
127988
77302
141663
141243
45321
127428
45268
125935
182716
69449
156780
185291
59505
32440
188326
179830
85267
9361
108887
163225
152012
8277
91511
92573
160934
104258
159116
95737
31279
148139
186164
165005
99088
51366
80740
169920
144958
2916
144470
39327
38393
34603
185769
38500
191052
137678
142985
51630
191774
165326
128999
116541
111777
118556
105620
61483
163423
185394
63005
70480
166967
22337
189965
7672
54787
1027
107432
178690
54684
32358
14948
68177
149223
168664
171291
120456
125658
811
54062
175178
105110
150373
127527
181249
108628
58960
93986
22977
162892
190627
186926
47119
157604
139245
158540
7961
190926
28256
168702
48975
20826
115586
127365
21474
33143
127251
120201
67896
91453
122525
154061
32592
73486
36064
158540
70183
34279
120884
102561
127855
106960
141070
75781
154397
163537
102051
103747
46683
40093
133635
172993
191841
179351
52264
131567
7042
162722
104016
104300
390
72081
139442
118184
18765
61823
113733
29821
74489
187568
44263
83273
105594
1673
170818
50223
192352
157422
101064
176335
39166
34598
34514
85156
157232
86015
85406
92933
105520
120118
167375
112523
95294
117571
198007
70035
25892
172305
169971
106507
80214
130005
125038
113648
192241
101351
96041
108468
107908
37300
170685
65015
81719
67090
41657
74071
184458
119522
93303
26106
112996
69578
110496
53786
148726
26722
12000
88959
164926
46481
181225
80124
22012
189940
136374
160193
64075
31289
194540
70606
33529
169267
11785
107749
15640
45342
179822
43228
127219
97962
108963
40322
20167
162225
165429
193066
187197
61544
52124
80971
198239
153528
65070
119648
107774
54094
107542
130199
75072
54972
52936
74438
185163
125854
34729
2270
134323
53413
163024
100378
125369
188931
93825
84818
11367
144605
66134
196733
29176
81282
72283
159714
15783
69042
157065
106035
653
107972
171974
159526
171081
79484
7018
191501
52911
156408
191795
92569
182187
40283
155130
124557
104236
37577
115944
91473
154861
143057
182869
172798
112362
103196
134326
82609
30079
114312
107129
11530
148773
98916
2038
158493
109731
76237
114004
72707
149839
74089
87495
183169
33777
49610
176744
197254
135730
115563
104735
96325
119901
131253
133958
191676
14402
138581
128467
73634
115493
52001
144393
43671
17746
5436
192209
137941
88273
197239
24057
100990
115498
157929
48522
93398
81703
36116
176643
109052
101265
73918
198908
171247
92024
97953
57812
137532
131768
105273
143729
128419
136718
120616
34373
62348
58104
114196
69052
111380
188838
63946
2226
188757
6466
44297
58813
170538
88333
38489
171346
115710
16061
192360
141769
48450
5959
111126
42455
116330
90774
123193
192592
21928
144291
183832
192952
76424
119099
99635
140668
119960
160146
165784
138822
191453
6799
198484
42094
134302
58255
90020
56772
67959
93471
134650
49132
102670
138997
95983
41449
67629
162246
179884
64185
32761
108562
16039
118520
44046
61519
5883
138928
69804
139715
164543
118181
161854
182793
194293
183448
117737
87782
134135
167549
36384
143880
98083
20667
101080
35917
104074
110872
11227
161913
171484
120761
62923
116637
15405
96771
145174
197931
35358
97315
86406
116942
82799
118628
102421
122559
101664
140100
133994
198725
139510
79036
18799
11686
90089
67520
173232
122405
163107
40934
178374
89249
117177
121235
20932
94447
153380
119506
81543
131854
29150
170359
168682
9743
38193
111269
184382
94525
15955
82334
176357
197509
134905
138605
111778
176302
4122
173356
162844
45306
159846
79416
23983
166641
69519
59287
109210
1492
162417
51125
51559
39786
92603
46643
162466
48174
81971
160764
182479
112338
165709
94330
184117
167143
187907
131399
158095
46648
174911
188564
43552
103104
196037
122835
42887
153583
95796
111977
117783
129782
120982
89683
64285
147223
104644
169198
45429
96440
83050
95055
100354
24741
131439
167136
90631
85647
136195
184421
83289
17903
53954
109028
119022
92676
24569
13562
37090
164622
42673
40921
95018
19604
78737
77452
3033
81288
12871
24355
67276
87160
174401
157523
161323
127760
81137
160175
179103
192179
18486
43877
73135
65313
27300
124974
31906
168124
32717
85861
55980
89735
189866
13349
48843
94584
28937
55318
41426
156363
42285
50346
124491
25604
173700
864
113659
24473
12453
119289
52048
85223
78033
55011
165964
107034
189432
51796
18028
107425
15016
23160
72000
120168
99295
113642
151652
191060
161456
50605
142220
186705
35166
97565
105413
29845
20018
75429
39105
88739
103331
70711
19125
139229
181809
145210
134616
13971
93248
119328
150122
57889
7309
116999
94448
26110
151058
166078
5920
191173
135480
82487
186812
157117
197570
151438
156449
110449
173883
111851
156482
108829
45187
153981
80024
30542
140166
197899
58311
198874
171044
18899
953
76617
133209
72408
135403
37444
122584
172509
159867
194815
183560
64424
4829
153031
65791
8453
110579
28491
85058
158477
131655
20857
198398
62688
150017
57151
157987
191199
85705
100568
18694
12627
130130
45062
108946
174463
22706
72270
170829
107459
181994
63969
84090
138732
107908
152480
70402
61268
166968
113883
72307
158598
175700
110590
199705
99124
104341
121834
126013
189310
93918
173846
165248
44591
58133
81668
53154
25969
194025
142910
29999
68801
119958
113141
18863
119398
106634
38074
176145
185469
114728
130180
155926
109262
27672
101492
57270
104345
93769
109851
27963
2880
147437
113490
43657
36043
144857
136099
19758
188724
79381
113513
58627
29782
36030
98782
78933
75030
77795
121378
18038
76848
39063
18872
81289
100499
67755
127942
191175
161309
58850
111032
23483
46349
159655
166717
190057
186475
107775
5166
39159
97971
141058
178699
15376
2888
155649
74511
115765
31361
12501
137390
72270
49842
181765
58161
22165
24246
168896
153749
130133
120680
5672
159288
105365
140300
147284
42213
178723
14841
175719
25145
186472
96577
55428
122539
159439
3943
41494
149566
83861
98795
152201
65735
139059
110693
49005
31559
144527
118563
30090
51982
121860
32472
42178
111596
42438
8917
188920
100826
3641
35855
161764
134726
8001
128178
118483
40104
151816
178879
153266
127080
62716
190674
133637
107913
86008
70987
175318
18346
143297
157190
155720
18360
140131
33579
43245
171244
146787
139043
127938
30545
152637
89940
120818
105197
36997
25012
117950
4861
169314
134703
85937
190141
75509
60186
79467
146124
2598
166642
6790
157300
126198
182270
145907
126447
18306
32343
167935
87454
115259
49579
45824
173544
130930
102056
152340
49426
121976
138798
66835
145951
76639
105594
137721
64657
113588
122196
87006
65603
27330
88077
194829
117951
28539
65737
30635
35603
189767
28333
153559
139188
8760
195886
31551
166110
62884
107811
87279
36817
123609
81006
107100
5489
190275
18800
129932
69125
173442
144380
179769
193077
180170
164319
129266
97462
113107
11409
127939
15437
131461
142437
147125
72657
153989
163083
168933
2499
7402
130703
29147
51706
2273
140828
191667
52694
107725
34989
165905
39672
128817
147133
183047
27892
60226
75873
71423
95712
2141
192481
36020
43544
190613
54502
3821
143416
36746
112362
170595
59587
179177
106264
89709
162804
192947
27881
138384
174991
91229
2399
48132
188610
164874
119164
52370
158810
175634
176745
105981
54681
20551
54933
75430
53568
40333
50532
55848
127346
160039
120523
147421
197768
173657
65684
184324
92791
40927
3881
6526
191306
5138
99552
158094
35645
54518
65051
14134
58312
106077
196751
25129
136365
129700
40174
190955
23062
180154
168724
131241
52834
47937
164364
167488
50738
185014
12449
17761
81159
3309
118000
102824
171122
157348
64873
108963
34692
51348
111295
102645
35993
172559
60514
109533
59775
55290
35159
73623
135189
195264
102697
30105
134286
197955
6444
70804
155363
109628
99911
86389
183099
99011
130873
122752
95366
60538
137486
18502
117336
180355
77864
164304
154205
145800
144320
37025
171094
80543
154960
85507
181934
1511
49385
176746
180469
55685
124160
191094
128215
191855
41165
9685
179529
40924
92082
141017
193956
21025
182535
104180
121886
116220
150357
149295
15598
189107
99914
75712
175480
53697
96069
131061
88387
101056
180473
142949
143360
150525
139421
131620
68831
108043
138628
20988
57888
6035
106955
113110
139540
63855
23531
183933
40907
134061
186
13884
175380
149119
62900
172715
47822
21816
13202
115284
131747
59590
124149
180563
37149
63393
141483
194041
59484
107411
194210
28394
172340
95328
15425
80784
69877
98029
132165
83327
144196
99962
73383
169600
83150
110319
71969
25821
124159
138759
129671
172626
22271
116560
137459
86543
177926
184539
150888
159064
158983
39543
83221
116400
122371
159515
46218
122030
63039
91338
143691
21522
143050
193029
131043
132353
15634
103883
55121
81415
150972
18160
42442
8558
15807
16131
181495
148280
180911
119750
149251
130895
135407
99408
173825
82547
192712
45365
183367
148716
167227
38894
127291
90438
149869
133801
161036
189498
92235
153879
105198
157522
17373
77432
4110
41396
20684
36040
178996
98555
85088
77937
188939
175918
175901
171881
123021
31849
112539
6609
191376
167533
24107
45941
91587
167162
6331
196761
107557
62352
31999
30728
160124
70355
122991
184286
86374
45177
31224
54982
196445
141892
42241
101966
178257
118766
45741
48776
67181
21417
187347
106056
117918
141394
132526
108616
37541
131233
135057
175923
24657
69979
161833
55329
98551
146352
188891
189248
111244
144476
184382
68010
21506
80417
119608
13776
161157
56735
178995
84308
46040
57451
182295
121164
193171
77843
169512
54984
171420
153220
32086
172266
10
54040
60477
164626
199022
190245
182435
169690
52053
104645
101671
175937
3011
25073
40523
44663
63275
116446
126298
152142
167162
199775
119781
152714
129697
65625
197888
2573
71067
40140
160106
146991
49697
38223
179698
165320
87696
77234
135885
79409
122055
86508
161640
78852
188800
11927
157211
99205
83083
20795
96727
134911
32413
14501
57596
83275
77091
70263
190548
51816
59051
127115
139857
190261
184837
114126
22226
46918
61435
79328
179526
64263
2342
186413
91948
178779
23256
135513
32706
126784
138234
58900
113904
7290
193411
37483
195669
134987
188822
199593
143251
151009
119419
148793
33782
25742
142162
34341
57557
116474
159627
1208
78315
57789
39315
109869
197018
69444
71786
95481
118036
131846
13121
46716
138455
172175
35725
23519
63124
168299
8716
145556
76226
121241
38003
192050
95130
137406
116249
54055
12716
85619
49592
178398
31407
136805
39410
199578
143325
89092
189306
160910
168170
170669
99881
109042
7139
23650
56803
169714
65951
159196
59503
118098
128668
157358
198224
132990
50788
24006
116680
40631
50638
149393
874
17875
91265
28581
166841
75600
2364
179518
14849
14904
161827
181588
87006
77851
111780
5503
23754
129200
69943
183234
141165
82337
180855
90411
81740
182950
62642
135409
4403
95888
174592
51466
47774
158244
24404
149195
17341
114674
66522
94435
197024
140564
13076
133364
199011
167860
91059
74881
97058
71220
134560
186524
11696
20865
57418
128733
65515
95777
65422
135274
124477
9348
111502
52314
52231
6309
38316
163997
199506
66560
51879
15967
177033
172488
175628
102640
55800
147370
3377
24128
22629
199072
19738
158753
45277
132689
24259
66736
166941
190259
189330
50261
170644
136786
7547
103311
85700
140221
98183
63546
197907
107242
174103
79358
110447
161711
45190
26714
27749
123015
198591
133034
54194
198923
160849
32995
158063
24844
137936
31951
31742
26798
74081
26729
139525
61753
43696
42820
82923
174739
193961
128311
113432
41954
98131
92240
90215
58293
192149
162950
100476
37370
18212
61582
8610
68271
93875
57958
96740
71755
154671
35906
80472
198682
180792
189108
45914
50623
57212
125826
90260
34499
13631
164388
121241
48245
29311
34278
188862
97714
140708
180328
994
168854
44238
41893
158668
130822
140648
129427
57666
165995
108075
159440
8611
50963
5292
160355
105536
35190
6308
21660
6659
146747
143789
40057
64883
188940
19301
7575
32611
30235
58785
119199
44366
2886
67219
15874
196478
9886
173645
63073
156925
30066
687
113420
186515
155660
178631
8661
90769
115623
62703
89264
61067
81073
89285
35878
135291
164921
123278
50168
45032
74277
152395
162661
157207
153647
109711
111540
188201
6033
139766
80943
57165
35227
197669
86866
160120
94246
122192
87470
191736
50946
136147
161298
58914
161114
150846
31816
175650
156923
120814
183344
184958
162204
72703
169563
57818
1473
155938
120237
11640
188321
60445
103290
91054
141468
126644
78326
14525
73505
61335
79640
117439
135934
95844
162912
150384
138682
171410
162685
170756
10898
57486
37490
169579
184538
73051
195244
49865
78157
43652
128583
63828
34240
100100
187626
1893
156130
174126
24701
160006
55432
148610
176653
178277
23484
101769
188703
15002
79676
198773
131425
173943
70076
24128
21586
166174
89244
124475
29484
165624
136400
195408
29578
173355
25106
155567
185727
197645
123982
44844
131460
191858
22311
196783
111975
171196
68884
5736
76922
6856
83188
70792
16614
87454
118268
197283
141141
95627
93323
109997
45424
88346
63058
196799
10333
46510
163618
155192
97104
185976
57004
150120
174833
81465
18155
152845
175415
44855
127687
128263
74363
126255
146959
144217
161030
60826
79632
158968
18771
197238
15819
72059
29477
24291
29955
170558
149663
16953
193951
26572
64299
58026
59557
120353
175233
13973
30046
43790
52673
16881
41651
4880
187051
71093
116224
26310
44292
26442
45211
177199
32487
180440
142053
171172
195395
22164
72050
55099
194863
87599
25957
187188
117817
83373
137216
75305
32150
42877
8817
9966
69142
175280
6427
48200
26494
68665
144507
1
51200
89013
147797
136953
16008
40291
94082
37081
180562
35266
176983
2756
137845
16167
120864
130226
7481
87971
15905
18837
139674
87573
124059
51427
93496
25814
4413
29433
15943
120163
46486
4979
21572
179
102325
59004
197837
114793
121407
51655
178751
142780
132656
107681
99612
55588
197026
72266
180310
136344
134420
123655
97986
54306
135551
116789
191378
196779
34874
170317
2676
175499
165805
19307
39233
62626
147007
149049
32393
20944
198830
147848
125258
180944
80014
184381
57567
92856
181111
160286
27186
189741
146267
194019
166412
117292
67174
165519
31640
113591
147159
83461
120157
11091
31854
32171
148402
168919
114216
116766
7532
188091
160031
155794
156882
41328
7922
76872
8563
105438
173246
161331
97741
143219
10513
83706
65019
197926
104802
114167
149057
126830
89777
47713
47611
28205
173505
70841
58523
114199
70350
8622
16963
159067
166645
22568
132383
180669
155542
39322
14491
15150
124007
42272
172303
33402
152274
115548
142806
77015
147344
152837
129224
70617
147930
10653
114034
140958
86699
87582
199073
108797
156795
194874
143915
20225
87650
195191
28378
145716
87550
77457
33280
7120
115427
181572
108346
4496
110742
7442
43918
62046
67979
173193
99563
181787
32609
42053
192208
162924
101521
53847
171264
81438
76707
162640
163515
82404
48687
147819
174803
88778
105684
167883
142880
35115
149844
183864
28997
76318
158315
113469
196618
98192
63020
75201
72093
57408
184144
114139
182989
33147
121196
56471
187983
26744
68341
31714
86165
73514
169814
199282
181876
31424
167501
64760
81296
72947
112908
75777
134135
76222
115980
8289
113491
90806
179842
18011
3726
46532
144579
69105
113172
66438
172474
106931
140364
171876
61580
146955
130916
73096
125672
34062
153550
104694
109071
183683
31336
133315
116749
191287
10082
54681
35435
190469
18706
126050
135410
75052
29722
110442
196453
194229
6244
188060
41959
117753
128490
68476
66875
121877
8853
179707
141713
181091
169711
180469
150729
132610
56653
39189
13556
82092
22529
13356
46842
113375
166512
137890
176763
148446
100995
191516
175359
172963
140848
76090
62024
183490
99776
59119
31711
183069
44913
161857
95362
57265
28261
199476
87150
27235
101363
91329
72299
35161
181825
50022
129398
68822
4152
40135
15293
167472
5699
155815
4361
64907
53494
129198
184314
12812
189421
181861
116017
33618
182576
61500
137387
149489
46675
73298
48089
149105
33432
175143
199705
97073
45174
31584
53090
77102
113053
66528
133862
57175
76759
80592
79081
4376
42760
31154
32198
40860
146230
79242
8095
97920
152994
140241
162631
149188
154944
153744
105517
126069
138106
11594
185728
168854
90704
48397
77776
78056
171104
24438
8918
72393
102421
157596
7736
123603
112500
52621
143961
177639
121829
38374
25355
26678
171680
132356
25401
37515
92291
190140
164421
124248
189965
24035
59850
56635
60158
110123
62322
177455
92440
51012
40835
121104
166187
166953
13119
150906
186296
148704
108220
57998
196456
137241
97099
62499
187290
123455
148302
107071
39665
32732
76444
171107
50444
51509
195712
21523
177953
13825
194540
37060
111116
128776
185566
155763
6575
33145
83719
64815
43192
122860
35195
71780
138196
93637
67418
93553
9104
25141
190184
86055
127382
189032
34067
151381
58867
118458
8397
109780
143309
161666
128180
167206
9986
154172
17358
61253
23730
91807
49742
127710
18038
167937
131433
142149
15877
120910
47906
165965
174286
112122
139905
58063
24420
180771
92821
23167
86134
49725
118137
184520
11809
30714
186478
184622
172787
170032
135063
161593
133679
36582
33759
65050
196707
65761
38948
117436
95520
154644
144196
5946
191338
197918
47394
157490
107313
81453
170240
198903
77236
113071
116301
104206
21388
110333
83108
165582
134671
177731
27153
70293
98718
187513
59308
36931
58501
13195
52770
56148
7332
108520
30927
92329
146078
62793
186150
120148
173138
169186
52321
78502
31260
102577
80527
7889
30414
37610
57353
59083
24726
183111
142479
159299
101399
174971
94665
26681
119991
25907
58910
63817
195856
56292
176717
147821
33121
198981
186018
94058
37911
155119
174520
1539
187945
83427
96760
42769
161758
64045
138456
129964
13230
115819
33907
128639
130163
12105
151278
69280
162166
174819
103928
158833
62736
154464
84868
47239
48636
129803
185662
31641
116818
8284
68878
77733
90940
150899
185104
77147
91226
27185
125560
180826
159566
101069
51293
109208
2810
42091
162388
136351
139656
22721
1564
159721
247
90224
185526
104677
104085
71186
109924
123755
125034
105099
12204
99237
188641
73300
122531
143615
170712
26488
63698
84157
108547
137302
165807
113898
64808
192448
110308
195753
147302
171086
173070
4425
74689
188575
117281
6559
94581
133770
57152
167611
103632
60269
158036
70553
41698
150058
193753
90112
33563
60094
164293
62820
5828
135045
182655
180696
161063
100328
163679
173663
65838
133147
40472
116549
181151
150204
63402
39300
108836
38268
59465
167437
166338
155282
76433
16637
164185
121187
186961
32275
65445
48561
31239
106252
13651
109066
89984
180139
179005
156254
118075
25425
137422
33292
151783
31903
133005
97831
50616
192276
3159
167384
32673
121686
57703
139691
166418
16669
126681
84370
162653
139062
97350
57502
20698
68874
65239
33144
5368
155901
54403
749
70197
141857
56460
91179
121608
7706
123181
67285
121969
178134
33857
184243
93730
105648
140808
24994
2875
62659
13976
15840
121423
30534
28202
69365
32173
124194
81496
35041
160639
85789
158446
75772
182084
149792
92002
1612
135494
83441
46960
112927
61359
146895
90818
129009
162373
30215
141025
188523
9589
156037
100114
43345
96495
3181
47480
43966
55482
191466
73723
40901
135743
92943
173719
139091
131561
82526
29672
11642
86792
43417
164268
26695
31934
21346
114797
197921
41493
144402
161945
118158
32486
195662
79977
189845
76636
173360
87002
176931
82444
120960
133690
18706
40422
27489
151862
107330
6398
74903
180374
9400
100719
756
107475
173942
172571
19256
11896
143626
75835
85965
196615
175071
165000
50352
179097
160984
1099
135878
116532
1803
40981
165134
171347
93158
67617
154177
179824
135446
153073
36632
146705
128183
39198
61294
2769
103824
75290
165441
86429
154486
165920
27437
168913
32316
157468
135363
157865
154651
30550
62913
44121
71132
137655
186792
31066
129739
64167
86794
86186
73850
149722
102054
27138
10960
160998
189833
80403
75425
174182
107023
107879
176861
56850
99897
168510
111302
106437
52869
183983
154267
3513
86725
38954
10580
7682
121910
164028
90793
139099
153701
108075
36732
32118
110616
107905
11763
117093
88300
137646
26778
34857
169650
6612
166130
155106
94857
49410
68506
111970
123597
190338
30616
116091
57207
15196
21827
101301
193950
170430
144041
13183
125560
54703
15715
16029
30293
83247
57709
62320
25046
79062
131931
114915
24173
155106
14373
45353
183626
28544
47429
126308
84145
9254
43076
189279
17617
96472
88441
178280
79322
54273
125331
129751
57443
144445
184298
38715
152655
29196
130151
22642
184023
8195
82395
109284
130512
158040
106370
10997
11145
159607
20139
189763
95576
20423
43391
174172
187077
19714
75657
61546
37023
136476
53925
98158
168136
164152
58010
36971
40939
139048
77142
125901
64457
160110
102645
3058
175508
82190
152727
148567
149070
169372
27903
24585
198079
187968
172420
10354
5192
62513
74037
163928
150508
10763
30453
51694
41140
98783
124676
157146
25010
50634
70297
31073
160490
4417
186126
44928
192147
161347
100203
162680
74464
14973
130856
131152
7732
121941
128785
124418
143456
125505
72572
193093
17767
186631
24346
73320
185939
195673
178399
27341
116897
198851
51895
65613
44053
110655
152493
80846
155381
114036
81558
66958
149800
150191
56476
61813
136944
150098
101428
49054
20389
111009
180964
12434
156375
3852
100881
99306
145555
26959
150829
191025
138717
106506
27931
179403
198096
177160
139013
171723
163667
56790
68642
58056
20593
155775
95940
137830
175538
168920
187407
149
149023
117818
115748
87775
125742
44886
35941
27288
74460
93
95808
147438
157174
46119
189529
115157
58451
134006
170088
126966
21203
35304
68678
32475
42661
29577
157674
104295
119527
100723
68675
172964
3464
50698
152767
73584
184660
34592
102690
78793
108087
31370
29593
129127
2390
110010
19990
121624
141094
40039
187036
45294
117939
122399
6972
193604
11489
146016
178535
162727
1197
95403
111010
111064
191373
155478
130887
62874
72834
187960
77155
94923
130443
123853
78403
134774
59032
185977
22680
42192
52763
23998
21781
18817
72234
122191
63993
34920
182725
56105
133451
108284
57487
28585
159666
177609
170716
68047
101345
66515
105779
117714
107060
183190
129682
193383
1753
69875
185316
12797
194618
127190
120317
17419
45197
16978
5373
96655
60439
181132
91881
117334
124576
112907
170250
4335
172733
141670
68922
116060
92438
31381
82171
162322
132018
43319
177782
152167
67024
70242
11063
87317
119930
55760
178133
25289
139275
14980
184895
24455
87300
32294
6289
195143
103456
5501
135939
86071
55515
159375
37748
1123
16756
39975
10540
137933
132106
41926
60461
103468
72687
196765
171146
62829
97978
175687
26702
104079
41977
68209
35132
57395
184695
74724
101728
67881
76095
143784
162875
29755
84221
193148
178087
26859
41630
41817
175224
148862
129272
114175
114512
42278
152364
37598
151624
41331
126808
67209
66891
173710
55833
14270
93627
130394
77061
151719
143669
61204
53266
81512
160857
141134
150120
39559
163973
128431
182024
190031
103545
80462
107469
160697
93252
170379
37590
169723
64653
182347
72456
106818
77875
65597
144549
48979
183319
28642
10473
193020
184386
89803
79992
177793
121671
150609
28917
187665
161292
14648
49671
4102
105720
119910
194038
4542
139928
80429
84283
190981
64067
1719
26157
55088
13556
27781
7084
15675
74899
197612
177307
170873
177213
156424
138760
17483
157414
168218
13782
45063
151459
134741
34775
92932
158493
141391
180545
147875
173351
45244
112552
4960
161219
118271
140021
28339
98729
197462
72575
172789
126783
21459
17549
83800
114323
20425
14827
146835
62208
137426
102098
25669
104596
4783
89755
152494
191422
98963
44704
39346
17295
191956
57768
108195
63061
163725
93599
158314
35743
157444
114905
168870
69611
150634
156596
49931
33694
153746
120712
13452
168757
35662
134680
134973
151257
19438
170069
43190
84895
60758
66209
16092
98427
85807
75883
173778
33162
104718
36579
127670
74096
89334
47160
3173
81175
66850
50829
89141
81292
43185
136514
30244
122738
99834
12360
162309
133959
111818
71586
150211
49674
180102
22455
66195
115841
145242
139513
40652
18191
191886
71472
22727
96653
116571
165116
35047
155419
12323
93437
19550
64507
107460
84499
156707
129973
178404
63429
98782
38863
144705
49479
187316
85711
156183
62697
191708
64152
138274
22814
10473
160019
129054
124827
136289
178646
27780
127113
68220
104512
59563
141010
151818
43313
47904
180371
182278
87813
11396
117613
23157
163424
31934
19270
24868
11024
67331
101780
30355
147294
152434
63766
176509
134725
191783
48934
165631
157417
64893
7413
58222
159037
144866
197433
179782
134156
123519
134275
11492
87460
19056
196539
76552
42966
78264
121940
100261
94448
118272
178501
31441
180171
109250
2273
166132
37239
188773
174548
195932
37569
69213
156304
45789
179230
59419
21862
70914
55882
171718
135990
71872
4814
159924
138498
165896
149638
43409
89567
123221
134423
128080
182584
198706
97942
4505
8651
33740
169393
79128
183985
116724
124472
20403
184439
192697
120949
47089
198580
119704
121138
133787
173948
181429
81675
133287
123764
11778
68177
62951
85685
102116
16851
69017
188332
75807
82520
137604
31566
112672
24528
146302
190153
62917
65549
58177
63258
186384
43852
119773
158131
197639
46983
146639
175485
127312
187166
159271
76160
139921
78278
189848
107408
3220
175320
97103
52195
161176
168792
130994
30199
58540
191735
176047
61540
102477
84384
132022
20167
172063
89764
48744
191637
16299
199738
142348
184335
159517
47498
26124
124829
162784
153128
163891
28149
175757
20194
13
42517
187681
84881
171305
132187
54418
184050
166719
169572
58926
149119
114737
8244
42017
69413
154087
147597
198814
87098
174753
35205
20537
9223
173282
37600
27683
147623
176420
14102
94332
113481
133510
68727
189146
155171
42209
20597
44956
184390
29737
127426
85505
25746
63379
175077
28709
77493
96663
95521
170756
84148
32652
24810
15879
94642
76668
144583
9833
171896
110269
156963
104679
139986
11007
195006
104728
139185
159506
56010
138690
164415
144246
127965
16306
19911
12588
81249
36898
165320
181581
60701
17328
118163
169905
126911
63134
177535
159912
67457
29823
148798
71064
196723
121782
189218
48907
124550
21347
68137
106429
36073
126512
151159
117679
131510
130712
37476
40415
58281
179214
20118
22883
85156
85640
58804
132436
150602
205
24258
45707
145213
37631
72132
143429
132017
135151
168135
140676
10142
78858
5608
188461
56087
83814
151072
162667
144565
154352
60242
142194
32592
38893
34187
195911
113
90144
160459
60915
133442
131680
175276
171888
199767
104522
159324
46593
134325
44308
18211
133617
508
1402
93997
57497
8268
20423
195142
52070
167732
73044
99621
173821
140913
186818
70253
113806
195314
152059
64070
27611
79061
74803
82456
97938
141944
41184
133632
190987
15253
111704
96332
22290
3525
95966
43333
12070
85707
106824
15228
59502
144759
89155
151979
134767
86188
128150
17784
40676
72911
2144
162933
182328
26226
51662
61289
4176
111001
24342
192164
36891
60280
199961
167201
131713
184260
129179
156744
70792
192365
27132
190701
94976
107121
54314
85170
84566
22380
69563
48616
141045
8839
196921
3997
162653
76430
2175
148027
52946
3295
149377
160178
5906
102325
181388
124102
39306
169826
73923
17578
67278
27960
162867
121955
169323
45394
104507
24568
69183
131757
33288
61230
121639
44606
23122
150146
112639
196225
30053
53231
97787
104596
30424
29740
163894
90736
16882
32176
121691
78950
165423
73692
137028
156350
115305
82441
59460
63045
145248
16712
98877
165925
110964
62826
104202
65506
35100
115343
89500
21866
139496
103526
125949
194293
190178
150234
39801
66530
45744
103331
194556
1032
44197
79142
6033
114307
40402
26538
86529
92726
178807
181896
156106
136672
87851
137180
130430
56095
138233
49330
91610
26864
177114
151363
138052
144985
80693
159825
133307
180790
172868
181181
198239
195320
175961
22359
18750
178028
184517
166578
24619
96567
142902
191623
136433
68462
70754
43823
26312
181839
89073
84011
173310
1723
77418
68288
131520
42607
103250
38836
129182
165515
172080
59266
80476
40782
147512
62780
74535
140541
159749
157699
137742
62841
197462
110184
23494
37972
145998
40495
52481
98226
118626
181996
176023
182701
95117
189906
142359
181203
165837
173317
59125
146922
69447
130034
151069
83834
112087
169883
36368
160497
72242
145176
113979
56099
52236
137132
148388
89344
23870
189938
18217
189273
155874
53700
133167
161184
59187
157233
25562
160919
29323
118858
41231
13238
64733
149853
49946
31740
194816
76557
108580
59941
1284
138476
113678
12521
130694
121708
100039
34795
80192
151965
116704
163224
147613
42405
26304
85685
109830
86405
98201
52539
41922
123473
116455
62706
76707
141590
36672
153307
192863
1919
63678
21949
94226
61283
20714
174486
191318
186512
122665
20574
141416
14007
165557
23811
82156
103563
62378
86874
10041
138372
65378
192936
120779
134866
5711
73284
62522
12780
163537
180671
17451
3283
50315
124682
104056
167976
79431
79022
65350
46617
102340
164486
87023
196860
184818
196081
42066
151675
190783
174123
49296
96422
104215
195087
176755
103214
42617
25663
178078
78949
132816
171815
24881
28228
31077
22859
102102
37488
2675
198887
2361
180454
51224
107953
7753
58717
28939
63098
131074
29677
175650
93371
98152
53790
9540
134750
19558
7980
197960
135878
176184
56030
143654
170559
10677
175463
30204
133739
89450
105942
127799
63677
140948
118108
181483
107919
170368
43004
178847
39621
80494
185991
99469
76249
22882
126800
136199
150355
20314
30530
62493
84440
196734
160888
188488
43972
41785
33221
130433
76915
8790
89131
42535
43049
130542
34090
142724
74108
107663
72238
106505
41967
162380
75189
116577
17563
121716
67394
143946
70643
170385
152077
20807
28563
199468
132349
123717
185226
117101
120456
112942
80103
15580
39774
176329
187300
183198
72839
28182
165881
2085
116404
94208
40552
85076
110366
195787
68484
55114
17207
24552
170426
73909
10258
165561
108928
69524
194794
157633
101444
143339
21973
16077
17851
104522
176400
119090
27644
141037
77929
173747
74856
165806
92101
22117
80006
171607
108022
152542
22052
98903
41124
128431
186376
6099
190062
184101
60161
18054
199025
11451
21665
84432
76834
101079
95652
23014
16711
165242
151436
179647
167792
72907
156545
67036
151504
146430
141087
78310
47857
52246
137157
149964
177941
166665
90790
81786
178469
157099
3861
101627
97284
165230
75872
195972
6298
99969
74589
136575
28421
34653
194027
6339
113830
145844
72983
14816
198123
152467
17544
10529
4720
173464
64899
27235
195441
83991
70187
94826
99750
79929
36475
36350
119145
170019
156042
176744
158877
116664
30511
19334
52298
99850
168467
126601
10210
133122
94117
119591
42831
56931
141240
97721
73325
196656
156499
135049
80002
26531
113878
3110
188053
93498
97279
84150
23393
135037
66163
67246
123932
111533
134434
168294
71238
112568
128767
71667
61671
99179
36387
105292
46762
77567
67795
170740
22391
102970
97867
150359
156744
159761
117862
122197
74379
153356
79730
127233
30027
143228
186372
185814
136180
125959
4356
72963
50026
76539
17272
38943
43084
83862
11766
163575
154320
191180
192804
170162
125477
172896
113773
143759
93460
101406
91908
87137
133816
81661
92692
157801
123278
16828
37033
13398
34907
23987
175660
51909
47770
124427
115897
143336
89448
138233
135986
107468
56582
37790
142030
32767
194313
40922
3828
169720
53350
38809
186325
161897
114050
65760
69987
147119
171158
85196
10865
199939
185272
61375
61089
38396
128269
53404
24958
61371
177488
20423
43799
126591
22351
137353
95275
22128
173678
176297
166252
131387
190203
171304
7886
107794
71546
147944
31458
106048
24530
129703
43690
104861
62304
44607
190306
160352
42684
39824
104645
97399
84581
88938
33295
50034
126587
43489
100880
147660
140148
46463
121991
86532
82279
139950
179692
95682
130024
164548
158872
115484
189974
157283
144776
124810
115011
66839
93736
41341
87792
100509
178569
156594
104457
126632
59146
12485
179872
97573
178183
191957
155899
115336
32193
67359
141431
184448
162840
3371
25335
19702
112949
195107
42488
90296
191044
188819
10355
6720
96863
183388
131000
37795
26254
44843
6999
49281
196163
116161
84227
59325
149507
156281
43645
106199
121997
195303
99816
148121
128228
67770
175281
32609
182357
125541
17458
64653
21799
32363
18654
50298
143209
139355
154596
61068
12828
18907
171053
123736
140046
53582
10140
55922
46028
41235
62759
122438
178802
90545
32809
109798
33998
26180
91138
3547
73636
158356
29785
120014
187736
110137
175277
18499
73404
54182
175109
38262
95281
109988
100923
69908
21304
143381
77932
134313
120981
62233
22809
160082
156928
173087
111521
78838
133535
148057
20529
20692
117042
4997
157739
25641
120584
14976
106735
111620
29774
188952
107779
16665
61501
20647
110234
58706
168457
87997
174831
145370
167454
68033
46014
1790
121965
111621
187479
18089
54178
178499
168750
112331
101728
84057
107893
39041
69
122059
86692
170610
132497
3278
118620
145099
144554
153584
160191
175378
94853
66349
26151
124287
53721
50537
168821
64236
127631
71829
48107
146239
55950
168533
132722
189674
29541
106214
114310
44317
171039
104136
48660
107261
103803
95641
198126
186964
83345
150431
12474
59126
151350
192427
75248
102472
9357
89724
147771
104526
98107
189706
197363
121302
88116
18497
163589
186279
43304
198135
243
91293
113137
179545
30482
85629
170599
193
80312
79145
164460
43843
70293
23649
129696
41368
188820
127864
165652
131177
116541
157118
19624
41190
51363
131324
5614
33419
54844
108982
21084
148289
145684
121615
69998
95201
53484
15046
174804
132980
173025
152031
141455
67975
110538
94211
120356
10485
36065
120103
12459
48770
137669
112414
102189
103303
102404
116253
75678
177755
194303
126747
62979
185176
136180
199912
71552
92047
33985
26728
110339
19708
127640
161248
30759
83972
141694
162205
198865
190379
14166
5555
72653
169483
31833
85023
71789
154081
113394
123097
37010
50471
70819
107039
106398
190965
160952
136126
27534
50997
148211
166035
79622
138387
1365
22141
157899
162019
197095
22871
55884
42925
153351
123557
260
128569
159324
43560
34159
193464
76565
66789
20771
14570
139033
180169
34576
108995
156567
7788
142973
108993
164662
22152
2307
11610
39728
132372
115595
182384
8992
187725
51359
41979
105808
65012
19030
157853
22971
56147
18860
62743
6909
13424
184857
37573
151356
160504
107392
133551
54672
142736
185861
131623
193204
181284
118902
138029
63274
2542
85337
72319
78513
63125
92542
91455
106241
50273
167177
3666
114497
156710
96539
194401
139933
168298
8348
29563
54820
18772
66385
27265
177997
161873
119207
127559
124058
8893
198626
83047
19525
82996
6505
123305
60821
11086
8900
116437
170740
97593
186492
12873
32073
98836
164756
25347
189719
150085
33141
80754
91296
165379
63522
94285
103257
98248
25808
158354
7462
111711
6356
194552
102046
56959
15575
89477
53180
98760
129150
89357
187187
5894
8891
114873
109675
191892
77596
107178
73550
29461
53373
39608
26775
152735
163114
196250
123903
37104
57456
77455
22163
35229
93813
164720
126857
108740
48512
802
81461
140352
169085
16425
72495
154552
194676
187509
4452
103916
113369
106281
63709
20618
112036
126114
89520
72077
127883
177239
120840
21996
21570
154227
168735
139696
192091
130894
165157
192805
96180
98486
178957
25795
9654
148427
99076
441
93512
163978
25344
26415
152292
89529
165458
183143
124192
39371
6090
85916
170591
41252
70318
56874
178244
39562
127433
94433
99668
86026
47586
117222
26143
14997
104821
83282
4707
88649
54221
193543
48741
15080
168914
30480
100518
37682
140723
123451
153386
57010
197178
31349
192094
77664
41390
43677
38361
87001
114877
10871
7738
147635
47465
96635
15357
139281
14558
9386
179779
101099
27478
67919
158786
48710
149551
124893
36517
43900
99416
82547
146954
110275
162371
44464
139287
104061
195386
36493
150869
184639
91012
138387
76116
83611
162808
35482
55122
41459
171661
154844
151519
129047
52252
105084
101257
8840
105965
62853
84751
140545
50797
418
179374
62686
27147
86137
90190
85985
23696
105011
40456
117361
56359
153602
62903
33694
69742
129528
192343
96698
170155
182539
63016
122431
198722
135061
161801
41260
196744
84432
161360
176404
102183
144548
112518
138723
72153
90555
172217
118706
24398
178081
189611
60566
112138
11965
50488
180701
99856
106903
61683
128897
180946
138893
146726
16534
9928
10592
149076
178069
2866
2564
55692
66798
58103
168833
124788
125400
37599
1109
17501
38083
95943
180404
11593
46604
108447
49419
86176
21984
115195
122959
52883
47551
87120
188279
54424
101801
85579
8680
190900
13840
108494
150141
150401
102129
77369
79708
54821
21773
59859
40293
87264
145894
71775
80731
135188
88442
5019
148339
31662
54145
27012
69478
156384
56200
179721
116311
109072
68648
165788
164725
100249
198155
38366
60198
120500
141485
134525
114970
26016
126562
198186
86263
138398
195486
90645
190834
60376
76424
2140
138387
94105
14643
71364
51877
108577
160200
181207
113836
64765
58345
11166
178875
187100
106651
97399
72647
7194
143774
96573
15230
132369
189713
72950
177061
5778
49822
153805
37459
169386
155920
68381
106110
167561
93513
30540
162411
88763
100205
175166
132889
140469
185482
98990
73260
56571
191683
152067
59652
37018
101148
60395
129907
135138
96895
196105
39996
62604
10082
39052
124922
94258
134939
81155
136955
141124
110331
169874
192893
128666
161604
84631
178410
57069
182905
103541
128612
59617
107916
128399
56464
187004
155187
184493
67645
129721
128909
23160
196651
183213
71498
76688
133190
104927
188257
39027
13218
62491
28755
165706
126846
178633
90894
164827
20118
67664
151353
119424
6326
93946
144889
57328
86331
72895
30519
38466
185738
16029
154060
100031
149777
108934
95230
142287
71906
21784
184138
60557
41417
189980
22396
946
195432
120059
149279
8681
115731
98369
155898
192628
26365
79044
113855
66401
53064
56594
51858
79689
171617
172797
146783
192292
176143
15351
9378
67583
91314
99905
17532
73508
29929
16510
106065
101274
101854
85099
179407
93633
75470
160716
183824
165684
144346
10847
72886
145126
88135
54800
99099
27488
117060
67515
31435
153546
48732
131537
139817
174956
134445
51509
190073
19005
114242
18748
104568
40154
44244
97933
6374
42248
57351
89683
34989
80737
174204
86533
154013
17790
125163
58247
65271
158349
164667
146001
133255
74517
24275
155891
189954
185442
126254
172837
137998
53423
77208
135041
78987
107817
175689
719
180845
149117
30007
91818
75931
114119
180513
157559
79556
62198
162985
121988
54664
47576
137523
151271
165572
6555
90522
60803
153411
118567
92426
63888
113020
96317
30841
45254
136109
199470
24482
46998
43076
64238
6909
47199
85433
5623
176637
165850
116301
73414
197156
50036
70010
4771
50786
128594
65403
76222
190121
199087
40215
33177
158311
101027
17276
78533
129655
117250
115278
15233
49815
146295
155216
136916
23383
198232
100825
191196
6783
86755
184298
144102
44785
38356
113741
91142
126134
98103
87683
104309
102129
19034
116266
31425
74906
150257
170192
151485
133307
167978
11495
62221
46132
141240
117024
135410
187572
113959
168149
125709
56228
178930
119265
3864
109918
68583
179681
6026
175428
28648
183403
145948
63909
97902
8062
85037
37445
96725
16910
186752
36721
119352
85201
123907
55529
9696
91186
195321
5469
15278
45915
17861
145140
52109
88187
62632
51377
50486
187263
16836
26134
85358
70780
152533
103882
182047
14525
118067
172027
77161
159530
193723
351
25958
33544
131001
83174
117589
75643
65209
83892
91281
197613
82410
146850
124301
190179
197244
142849
187840
37274
127800
43091
86245
183893
93307
7549
25269
20643
144183
178819
70271
82639
148615
102477
125910
115364
114102
93217
13064
30092
45144
81165
135210
193904
147886
30286
111
129031
51384
95307
73575
94290
180452
144348
161425
176
13101
16582
105691
98415
155651
112112
156322
142531
184380
73872
170232
46587
113655
4764
65663
40602
33344
151040
157076
185570
7799
34258
61848
65698
43252
37381
89371
193265
92532
143162
24762
28789
94834
44216
54461
7487
128055
90290
148871
143950
12571
87071
165930
187327
89017
151508
135680
116435
167313
85195
154242
172411
28339
35052
190501
88811
93953
165739
56313
178909
190092
35682
33155
43773
175581
72842
68253
185671
152631
173831
133265
25381
47185
152850
185982
77454
166242
20649
31097
130745
147955
187660
168238
47766
193968
91586
148160
35678
138593
192153
86450
199064
83030
82792
98420
116476
172195
199324
66437
20255
23016
99336
56151
4292
168388
102213
130196
129805
51641
72143
94473
12734
67423
62584
95994
35909
27114
96633
95152
180925
52734
199623
199960
90572
170698
187062
109365
31579
35803
143682
150949
125725
45101
135288
53309
58433
126424
169460
970
9765
46953
75149
118284
175485
94124
110165
78019
162496
65607
192617
91010
36721
129112
121504
84263
141872
53718
65581
76275
83344
89214
143409
92761
130366
135324
111679
116465
1288
160433
50825
52590
14763
181010
135447
64905
119045
184914
142457
33005
166196
110191
168771
21267
68192
138945
73587
88863
130937
78483
133500
25057
101406
81586
72844
175136
113813
7085
77383
197241
51143
48071
3032
35036
22176
99374
148853
168699
68207
30747
36970
135791
46411
37195
129753
158264
192546
126281
113155
139955
32343
104074
166468
109900
99776
181686
171043
127827
181683
145842
158533
178339
106621
45844
22862
121912
99231
140890
14313
136067
96683
91975
197994
104198
113489
133776
107657
57263
184682
143101
157845
39131
74995
48500
130608
135434
69954
55101
83627
15801
59640
99898
146466
172695
51592
182713
139151
163995
98336
133939
98263
107763
41377
27748
34548
107072
37036
156349
138421
119730
91512
106833
119050
87494
93945
193602
85365
157065
136883
8940
73359
79008
149394
126268
12457
131076
145885
120741
156293
148204
128631
145497
54134
115253
1353
16797
137256
170672
66469
79818
39994
182185
188185
95404
10865
170393
4045
122053
90315
138681
70524
23906
109581
197129
126831
107028
29841
98504
110275
162078
144320
167036
107329
55795
137201
133078
178762
184973
2313
20005
173287
67410
82785
127910
198142
137769
161712
20500
104091
157129
143586
50730
94024
107623
159199
126423
171643
186517
110410
118051
12297
59601
61499
60676
106468
141758
139882
138433
2520
103842
4885
47088
16432
91748
19374
188144
196222
191689
82492
5786
101727
111955
23570
67460
142009
147007
46896
185865
26535
62271
197920
62359
46227
60118
101151
81764
41480
30994
52846
70400
93930
11060
139735
37383
63330
28612
93904
183278
100317
68973
117323
61068
65262
139947
66652
111297
79371
152276
128455
135210
143918
18399
146734
187304
30683
96519
156925
154675
167670
181227
118691
168371
118087
49035
136260
121060
2584
118420
53596
175318
34090
109704
94940
116815
11189
198091
165808
130823
8599
186008
67056
75925
11870
155317
168019
109290
53179
6447
58557
164009
137528
94441
142044
15844
149122
40565
190309
8605
77918
18533
4393
145015
3686
78572
190110
144871
119574
86528
77962
95253
101907
152546
18205
65081
146532
112838
105600
137759
169616
121713
11968
174351
54142
54549
63076
77502
41179
95614
171155
156411
72629
10327
190245
192053
164007
42721
28539
2602
77403
31350
131324
50527
88482
163761
52515
195445
143467
89507
176533
155418
164068
122805
87596
53881
74912
75597
152106
92880
194372
140314
155670
20347
16631
100361
16359
170643
13237
138283
166387
65033
149916
53307
71735
63423
140336
90882
149120
44595
45094
135015
129115
154826
2473
160544
110421
116316
32373
40326
94430
152461
56939
77831
195222
194163
171028
69735
77468
23942
148626
69434
131165
138763
89402
92747
78050
119586
15050
63440
172719
34396
17401
89903
59611
139067
113266
12804
60506
50175
91171
107960
38322
145547
117899
178130
145298
152108
127522
189337
58879
179363
43946
170574
172110
107673
199337
199517
21153
126167
157015
82119
140977
66616
123849
168981
34327
62669
72738
44788
154844
77112
64083
150877
126219
136618
130131
65668
69776
179077
95392
85017
109360
165970
121317
138699
46310
11282
169877
179835
186195
173953
136489
84940
136414
194597
17755
99599
141219
17106
13718
141155
80598
35966
34183
192927
33137
104932
188032
166866
114504
131851
178224
185542
17283
131479
68657
15008
153240
48515
178476
6299
102172
162858
18702
146591
185435
165386
95971
65272
60688
102519
123425
68618
54948
58456
119803
19928
4417
161094
155494
25991
93442
135985
33890
89308
196582
136670
187921
72776
90315
129726
52935
70646
193594
14303
38321
60889
138696
129251
13587
158138
73805
32172
82251
29446
65903
14666
121188
22265
171936
110920
196057
47034
126833
43139
48739
92181
24719
167466
141523
132037
102971
13463
90994
121072
172242
15856
11480
133618
48518
60341
135415
38305
170298
131076
102518
59341
164563
61782
147498
172328
120879
123210
31880
5433
173861
142074
107860
144255
44090
18397
196565
142377
66859
181469
174993
28853
4392
104298
92953
65299
188798
194618
109188
120930
159447
179136
98757
165587
115681
144620
142658
18606
22049
117311
129327
197151
79253
142443
165807
43572
39336
70338
70211
19056
120718
67728
143471
104350
36614
112335
163423
151635
67078
150025
183894
23803
75225
83692
148006
31866
3925
103238
80994
46984
195934
141219
144974
169403
91128
36687
111854
14558
182263
65975
46938
100677
198796
191671
170838
27404
139594
110072
118507
68745
199171
21855
139793
57350
52972
140300
46596
30009
14262
156393
121848
117412
48580
125624
25792
134219
130707
11949
146000
97765
75981
76886
198207
26938
155745
57403
151929
169668
102422
35989
18404
144029
63214
116922
170303
8467
192389
82107
153519
40314
154338
154826
57881
182309
19444
169918
151401
16409
9296
181
4276
161573
38896
195277
9931
184291
134872
16563
174550
150720
54075
83841
176944
87086
59605
15622
173241
33214
77273
154813
29060
124036
188549
102279
154555
71537
95046
34313
39804
33616
73301
24189
68799
93081
75290
96745
54572
165048
118113
50361
93769
3085
198355
147103
94850
57974
170135
11087
92878
23364
183708
1557
154716
55692
149385
187895
124087
120107
116393
112239
77624
179782
69532
79817
197381
197793
35198
156958
3302
24221
102117
184455
94429
42146
164716
159399
81753
104657
120433
166232
86199
189576
16778
286
143836
147483
40206
148554
149821
14335
82698
36374
104162
70928
91009
176001
107061
128228
186584
135883
182914
81901
102960
32315
129447
71137
134761
58003
118354
127625
3333
107526
152651
120684
130880
183054
133514
179764
109159
169814
150067
99144
194734
186594
31195
37098
36229
33658
193483
185858
31635
38503
192925
20286
186623
79411
114293
157598
106971
28922
165055
67479
49203
187644
144583
137607
89016
84986
55638
173151
107761
126648
61267
13495
115906
173808
50882
159234
22590
107664
19113
184305
93689
174453
4727
13224
135537
63307
176224
163194
98324
61095
129146
70871
174675
98188
150616
87278
25040
10243
21055
73509
65918
60773
155780
164301
86234
161213
28120
176044
96901
144544
106683
18094
167722
146553
28029
114197
191599
150771
49085
76906
122310
14065
7932
123175
129378
50235
183089
17741
197589
106876
73134
37466
50532
82093
149362
7939
140910
149120
1362
103083
115369
141223
34052
117396
48977
103221
49385
35630
80708
28194
189571
17085
166302
20351
92907
151985
12619
109836
59628
102172
102163
13751
173773
41011
27152
93893
124032
121931
125743
98808
185522
48416
74715
157028
24639
61844
122729
67668
50419
103770
85618
68327
4079
134905
57335
81304
107268
49259
180165
146725
162722
78249
174275
39655
173277
187195
76414
84056
186213
41545
26307
84704
15405
25693
83118
94300
188371
165974
168695
58166
104724
143493
164099
104443
40313
35885
91884
69655
87661
144947
80592
157517
58732
57250
126957
85538
122294
77678
153726
164102
182244
110660
119528
46351
30284
69970
190287
115218
115113
119132
57116
190293
73577
29301
151115
146588
121996
95977
119705
163056
149256
84957
64037
96586
30195
71428
43271
29201
64295
63896
105020
181885
11676
79295
140566
96827
182358
98507
59657
3118
16839
188380
179116
108242
127193
111509
1932
43576
18583
187690
132922
39539
31821
18303
113004
150740
148747
44282
47732
129571
134024
150873
141327
17083
1916
183274
108006
116853
177861
49367
72663
176651
106570
3242
99319
44383
106893
86551
183823
64349
157629
141656
127234
78813
102775
122525
14950
198260
123900
22765
58347
172326
22502
90581
23720
152672
184241
184556
127744
165110
25742
129691
61994
161319
67031
30781
4747
184231
151719
163596
44138
37781
84296
14363
26911
38294
49659
174886
69945
19046
40417
76970
182915
40381
21643
133051
112700
138344
90307
191128
80981
198986
34164
104679
47569
25839
131466
144178
88708
57332
123817
142445
25975
185032
178382
190432
127557
48843
111262
31445
102137
134909
48813
95322
56933
90981
84903
179635
97173
97102
40322
81569
168279
891
13343
176923
128591
22585
156905
115002
11540
132675
122409
78521
134964
196264
102840
178626
156780
191177
3430
88286
30758
174469
18240
13557
125141
185293
166870
135205
67525
171535
54136
10363
180716
25257
45424
52181
80578
131380
141499
19060
139261
20311
192625
83366
121868
119430
36560
70304
83178
148472
101607
97680
20792
90409
17522
136056
32635
156304
121853
147012
140626
68511
85970
119625
7774
136126
165855
181385
169937
105370
88228
109790
167782
60200
103994
14393
180403
19880
2634
100514
175039
153451
55806
190971
39495
181413
19381
78975
6688
92907
128348
13982
154712
98753
33536
138737
107040
91654
38908
150787
188160
156335
177742
102363
122374
107712
94176
68553
44449
118122
82014
176502
82447
59756
122141
185074
56424
169237
117033
119183
180914
135976
92457
7859
161754
10845
189214
154031
5947
8952
190516
99722
113483
145345
39011
4093
82967
38601
89556
180827
76537
17825
99024
35112
55222
157807
176418
192380
34504
119113
179834
56935
61577
196961
95783
135681
125499
178491
147223
16600
143951
55328
161530
85511
172615
28426
148488
1058
141516
144176
187924
59222
48591
96493
108858
143677
62321
116913
69855
57629
41551
160592
197688
78714
189570
115013
13246
150406
11365
81898
55691
113782
68539
193293
5622
39102
81314
83919
197733
130902
137033
64994
46404
46943
119922
83434
80358
105210
69617
171186
107895
83448
148164
111730
120166
199554
173708
159181
70447
111765
72677
8525
132283
74473
18024
8451
32804
44735
148858
35724
47688
83909
98822
137903
8615
58153
6056
113690
139961
134423
111914
170373
177424
116308
44125
75895
7372
47568
132108
108317
76711
76517
188171
170588
38054
145000
32335
8747
141361
38615
167698
129983
64937
134456
68272
37128
138669
46523
69867
155390
184263
86567
70752
98036
143487
104411
112039
86890
17713
187417
70184
160243
37378
177941
106600
29400
42886
7432
108844
38808
162860
62866
57070
80477
23613
108638
144078
85037
17815
156947
111141
98937
53222
32039
62064
100367
146436
74626
101907
99621
78043
14063
9785
178140
88709
62178
143097
149454
127204
117745
31373
47931
159252
21956
97625
152521
141817
42229
185908
159473
176097
155562
4525
81584
110218
179939
51191
37070
25988
70613
76564
115836
17682
184869
122411
183412
77358
102185
199
192800
28737
65049
120783
67184
66525
192674
174621
127825
147951
185601
53975
145550
54208
38886
94260
13848
46923
191566
48531
19708
176819
2790
188642
158732
52011
3885
159897
90302
169254
178350
196919
76751
21645
40154
100465
141855
184704
98480
191669
99756
59489
159708
111936
110624
67820
81257
177023
178185
46700
88557
198974
61195
141767
163382
157177
146884
47001
113907
154603
112398
5909
49358
170636
23382
60038
55079
185918
167404
60955
94664
165819
165207
66384
91840
27052
128165
45557
14918
32942
57072
78845
90449
183837
105374
196344
103218
147074
2683
168410
194300
89555
93314
184666
88796
76767
141341
118718
97535
45576
130123
150875
151344
39662
58640
196143
23844
81417
10441
78420
66125
175136
182767
157094
37805
177739
187640
145066
55098
12348
8546
111075
53405
44035
26370
144050
182394
23589
84720
7760
49099
85131
166470
6285
115360
126667
76940
106812
136535
52582
102690
68103
29388
119696
131411
178819
165930
36623
18054
140994
101668
36631
108054
85711
23202
180175
644
143684
5713
24148
142765
143468
20122
165118
14191
119869
16059
332
149462
145662
179472
120081
138311
164501
146836
111944
8946
126694
126923
6287
135393
141946
48116
137480
75862
94630
157112
71598
179384
144452
81490
117949
51397
136739
124022
42465
110049
192315
164643
63664
104898
175803
137447
157392
98425
142210
136426
123904
80158
113809
6214
12820
80284
171526
106230
8572
3408
180240
146698
137694
125975
156424
125508
82917
32414
55818
130080
32518
40526
115252
52756
53413
20239
29362
112886
31907
111468
76019
46762
56945
37888
195616
112401
130787
31957
7670
125310
144143
126649
196433
93074
21385
70406
87731
63460
106532
95998
32191
112090
153823
7345
127988
108193
60369
63307
111644
118142
53659
117437
49315
166155
186440
85512
174702
145501
26739
110374
23375
50972
168466
92938
7735
8329
67334
103833
50171
153965
124868
42392
56040
170648
138236
79534
90513
107036
58959
194332
72791
171341
178615
101218
66493
916
160162
148025
154178
168467
156266
150877
163139
87827
17100
168707
138654
75885
28132
162103
42173
8680
170315
33327
49467
160210
191693
138268
90296
163865
152412
58321
89339
30727
71721
17432
194297
29324
175869
122798
177769
142235
195225
82507
55956
135652
11186
155435
63403
135957
8983
184471
194859
76702
24788
20605
79634
146149
14286
89522
183994
104019
17492
47082
122999
127394
168600
97469
47188
67393
164466
84210
43782
159468
193239
38163
118083
87674
186222
1221
61748
62830
189399
88695
184829
57741
111600
77052
182101
71339
139652
129740
175422
59289
8631
102845
161523
48052
32901
48662
5484
102663
54700
160255
148626
89755
161261
95329
178464
95583
34746
21768
75107
164591
38601
20612
195315
42369
34503
99516
137059
192552
197695
103531
193797
100637
113609
60408
84142
183738
94453
167418
171848
52517
146195
111573
193420
159607
72802
67010
13071
87452
193585
110674
101069
66203
170318
65421
99567
23704
137569
39950
10860
160416
159674
141397
114807
128031
16429
3150
198312
159354
103661
94523
33603
173815
117564
70478
17068
6032
32008
162961
129414
104281
48601
98546
180584
174403
13136
33844
127873
138639
84291
152399
74405
97172
180474
116272
193352
157481
172820
50040
102619
187529
123342
176636
43672
146192
163089
49109
54711
163053
177720
139770
176362
60573
4221
107489
162152
128846
21812
141092
133010
194032
102869
78389
54351
127124
7980
145735
74627
159265
199765
174183
183345
51524
146457
71540
60319
107309
81812
11224
115085
101018
60474
69126
98406
170117
182899
107720
93833
189217
52795
123311
18142
33538
138881
78772
83932
100080
19904
48200
184031
131496
105967
46945
115195
17816
151651
74576
158013
120062
164993
102588
29179
42024
117343
4692
97595
30635
80969
84600
152093
10530
85130
173069
75493
36085
28023
130045
169103
192376
112669
98118
59746
173123
123433
17476
155872
173547
193873
154552
34698
34940
55056
118946
142286
119986
47909
166492
101026
98044
47487
138340
163727
100047
129114
155810
124973
161311
26588
191640
123703
405
86324
38462
76246
66801
87686
120664
49120
125935
198066
157829
3559
5547
91665
104901
111610
178034
70645
117950
167305
82790
163916
121029
164429
177645
14526
169154
101196
66883
142269
121689
44863
97702
117031
10935
60385
195933
197504
121304
198765
57220
72719
151230
184553
58396
147563
171472
44792
167656
123021
9766
93736
89636
20968
103045
185065
127889
85941
81453
73129
134666
126105
71384
5744
92986
189009
45542
122867
192516
83703
5873
74207
80332
54340
59591
85700
118911
51912
7311
5885
121659
83057
167605
187762
151278
67345
119302
26334
173709
104944
54103
183420
32823
50312
37284
17047
10615
9853
84403
48305
27382
123641
1092
180546
30656
90377
3527
132453
35824
105953
68411
133919
187451
15434
84620
130810
77114
6201
28300
54219
45291
32327
109006
187056
158204
112670
85910
9965
29251
90474
47655
198069
17387
71167
30559
105805
83151
48790
48133
95894
120084
157209
44302
24156
104496
38387
153117
62344
102962
42855
30913
116004
113540
67220
166955
83049
174342
128378
130909
4834
138979
135104
121396
74593
87532
127589
159631
42273
115617
52938
83057
50010
105742
55391
96321
169104
186447
152620
15273
21475
137384
199688
70355
78344
110491
169088
32518
89153
83246
93222
69322
132654
142894
170319
17939
38822
171455
110830
174103
113178
43864
5736
152084
181287
179760
198736
138555
83925
16056
115761
16528
64782
139517
56277
178127
107377
134774
20253
51175
16913
143505
134079
129744
172677
88536
134601
180896
77208
171564
137781
79449
94309
116991
100339
143633
133040
36015
182069
154180
136839
146658
53985
57507
98366
91080
162297
78569
20247
125014
10063
40265
149601
52095
124260
194929
56420
70783
83382
140968
113480
44165
176335
196732
137232
123925
61712
160095
33114
118472
168532
91219
103588
30496
165483
90433
93228
120084
55454
169692
174237
34906
104813
40902
158751
71242
2371
39223
126848
124313
94501
112947
147935
70429
13183
182649
193790
116817
38942
184814
101955
66782
42824
185770
64445
16032
172842
165456
103342
172953
183218
62887
16758
47473
33549
64336
167982
105580
25158
54976
65981
117119
113144
145531
159128
156760
161260
112588
87216
141266
163435
64810
46892
113548
180295
178903
85000
199388
106446
17793
146524
29875
78272
71927
155376
120020
52710
35916
23383
183422
102869
19170
17734
57518
178848
29823
123625
130772
127124
171533
152962
85716
686
156691
19573
55631
99101
84101
185382
36979
141896
121530
160197
1544
111146
118946
96112
26785
127958
121109
2571
189525
12803
62197
62332
137185
19604
43035
15294
159835
133861
95879
53939
132296
41525
192509
17534
44678
87840
88326
168200
195752
17470
179921
89676
55573
1120
186901
97475
99980
143608
185375
165686
126435
135669
34397
127613
165661
39559
126897
170358
103580
116100
183227
161771
133137
71417
61474
180710
24257
46557
95992
35443
192074
1000
