10000
-10
-54
-44
16
66
44
-18
-82
41
96
23
-55
97
12
-67
83
95
-15
78
-98
83
42
20
73
96
-97
28
57
32
-50
97
69
-55
1
-35
-8
-56
59
-4
19
-97
-32
63
-25
-61
-63
47
77
-86
64
-5
-27
22
96
66
11
60
19
-69
-45
-72
-27
66
39
21
15
-12
0
96
7
48
-46
2
-15
-67
-92
55
-40
47
68
39
-88
78
-55
-67
70
11
77
-99
21
-98
-26
-77
74
20
-64
-63
-18
-88
-77
8
47
0
-83
-77
-80
-26
-75
94
-98
63
80
37
29
67
-27
-31
8
38
-25
0
71
7
-69
53
-47
42
54
-25
25
-66
-6
-69
-4
54
-21
-90
-34
88
10
0
97
92
36
-11
84
-85
8
39
23
-39
65
-1
-38
-8
60
73
-8
65
-47
12
80
92
20
50
-49
8
82
35
86
-97
-39
45
-26
-55
-88
-96
-99
57
63
-13
67
-67
1
-49
4
7
4
-76
-70
13
36
-58
-26
84
-71
-88
0
-63
15
-30
91
-8
-49
-1
63
-58
25
-30
74
-55
-24
72
82
-30
-11
-20
-97
51
-98
-22
-75
20
36
-71
9
79
-91
29
64
45
-6
-98
-22
-16
-19
58
-3
-75
86
-98
57
-79
95
33
43
-99
-53
58
-32
-41
91
5
-79
41
-92
-73
-76
36
2
54
19
23
41
73
70
-66
-92
77
-45
27
-78
23
-53
64
9
-6
-96
29
-14
-66
96
33
-7
-59
20
69
39
-98
-98
-89
58
-13
37
39
-87
-15
-74
-71
-62
22
-7
31
86
89
-77
89
56
-9
97
59
96
-86
48
-91
-54
-26
13
-67
-91
-74
73
-95
-69
92
-92
14
-13
59
-19
49
-11
76
79
44
88
47
79
17
-28
-44
4
76
-18
-37
-79
-46
58
-48
27
-39
85
20
-45
49
-34
25
-35
-35
-88
-92
-25
-85
99
28
42
79
41
-41
50
-12
25
40
-31
-93
88
-66
-3
45
91
75
8
12
-29
24
-14
70
-9
68
-9
29
22
63
-69
-1
-38
10
-53
-69
92
-72
-66
-75
-38
-77
43
-20
51
64
-18
29
-76
64
-42
27
3
-61
-87
-80
16
-73
35
2
84
-19
16
93
-16
45
-4
-65
-8
-81
-41
81
-60
87
45
-98
2
-23
-93
-21
-12
72
93
-39
78
-89
-23
-12
-87
2
-28
42
91
-14
-56
-21
99
31
75
83
-72
43
-61
-76
-44
-34
-27
-72
-20
76
-32
95
-81
-80
-9
55
64
-99
76
39
5
19
-30
-64
-92
9
51
-53
63
65
-28
-89
-85
43
89
-82
-53
-92
-84
-80
68
43
54
-73
32
49
0
41
90
75
-38
28
6
-45
-59
70
-21
93
-23
-72
25
-30
-63
36
77
88
79
-59
-41
75
0
26
58
34
-67
-42
95
85
-56
5
-2
89
92
-80
53
15
35
0
64
93
-67
84
83
-17
47
41
28
70
90
21
-79
-63
48
13
-63
76
-2
-98
91
95
-98
14
85
86
13
-41
30
-40
55
-46
23
-51
98
49
64
48
11
13
-24
5
92
72
-35
50
-68
-43
-90
-39
-35
-4
58
6
21
-64
83
59
23
43
-45
-88
-70
0
80
-89
-16
15
-44
64
-41
-52
69
-40
-43
-35
-89
92
-40
88
95
-99
-1
40
-31
-12
-67
64
83
-60
-99
-48
-57
72
-21
-93
16
2
59
48
-93
-21
-19
-35
81
63
-97
-53
-9
33
64
-33
-74
60
-75
-65
3
-61
41
-36
-83
43
-97
31
-31
-86
87
70
-58
0
-53
-7
-17
49
46
31
-8
-6
57
-61
-42
-71
-93
-6
-7
-67
21
-42
49
-88
51
-35
-79
23
-78
-45
31
21
-30
-74
18
-87
-92
-52
91
-94
96
72
-51
90
44
8
-74
-64
-21
57
-17
-29
0
-78
-86
44
-94
-48
-75
58
-11
-95
-27
-89
75
18
-1
-23
60
40
98
-45
14
-32
-8
79
-96
-86
-68
18
-58
-44
51
64
80
7
95
37
-82
-68
-72
-26
-59
59
42
-20
15
-15
80
-20
65
-73
-22
-12
-29
-90
-91
-98
54
57
-26
-16
-45
-41
-53
72
54
0
-23
-38
10
-64
79
55
-31
8
5
-6
-63
-68
-16
-2
39
70
-12
-40
-93
-31
-56
-55
36
-51
0
21
34
-11
-44
6
-70
20
19
33
14
-18
3
-87
-13
-32
-32
-86
-74
91
-56
-95
-90
0
44
89
-56
36
-30
-5
93
8
11
-27
24
-41
33
49
-43
73
0
-13
78
32
43
-2
56
-72
54
-53
-39
-54
45
51
0
-11
-93
-43
45
77
-52
-19
-55
5
33
54
4
-77
34
52
-28
-80
-29
62
-24
34
55
36
-73
80
18
-49
-24
-65
-58
12
32
8
-11
42
-72
80
-92
32
14
-39
36
80
-69
81
-97
61
-34
50
20
29
-31
21
-41
-64
7
-57
63
-44
-35
76
-75
90
-61
26
92
-23
57
65
36
-24
-60
-14
17
40
-35
-69
-59
-1
70
30
89
-45
-2
50
-76
51
57
30
-61
-94
-56
17
20
60
37
89
-57
96
35
5
-86
-4
95
-46
-59
-69
-87
-53
57
-60
33
80
79
-79
51
79
63
97
66
47
-95
57
90
41
68
35
-66
-80
43
45
-29
-26
-3
-46
-97
85
-24
60
12
65
-71
-30
-90
38
55
39
-94
-37
17
-11
-19
7
-19
-42
83
0
-15
0
-41
-92
70
-66
-45
-33
-56
35
76
34
-83
-8
96
21
-12
-18
-34
86
69
-15
-67
-21
21
-88
6
-55
-40
-29
-72
-87
-42
-3
-49
31
-4
92
94
-33
-89
77
-20
-43
62
99
95
47
-40
64
33
71
-78
-67
77
43
-50
-20
-16
-14
63
-70
-97
-89
-85
28
-22
71
11
-92
-56
91
-55
-78
70
75
-32
-24
-89
88
-44
28
-52
63
80
46
64
-27
-26
-25
-65
76
35
-20
-13
-11
13
-32
-96
-2
75
23
-43
74
6
31
-68
-36
-35
84
-13
31
-24
69
74
42
0
25
66
18
-68
11
-69
-76
58
-96
-14
-7
-90
78
66
60
67
79
-13
32
-80
-47
82
63
50
-68
-18
-80
-26
64
-32
98
31
5
60
-83
-50
-51
-20
28
58
-58
86
27
79
84
-44
65
85
-98
-69
0
-33
-54
-31
72
-78
37
57
-14
-46
81
-77
-84
44
-75
-5
12
32
-95
1
7
-31
-66
-50
37
-28
82
-46
29
-78
-39
23
32
17
-24
26
-66
-68
-37
46
-6
-65
-11
93
-29
0
-68
91
-17
4
-1
65
19
1
-45
-68
41
29
-18
46
-76
4
-7
-47
55
-6
-71
0
-16
72
82
26
-93
51
43
-63
23
66
25
1
96
30
8
50
-21
-41
72
-16
48
-26
-54
-72
-42
-47
-4
22
32
-99
-29
5
47
7
-26
-89
49
-22
-22
52
-41
-24
48
-22
73
79
-98
-81
59
1
17
-12
85
57
-2
-25
87
-35
70
70
20
-75
63
62
95
-11
86
32
29
-60
-25
-70
43
-10
30
91
-37
15
-5
-53
-65
-58
-84
63
93
-47
22
-15
73
46
54
2
-32
-48
9
-69
8
-21
76
91
21
-63
15
-21
41
-54
30
57
93
75
-12
3
70
-43
-54
92
-25
-62
0
69
36
-5
-82
12
-6
50
-35
27
-77
66
-5
-76
85
-4
-86
50
-93
-88
-62
-28
37
68
15
-84
35
-6
-30
-40
-36
-95
-10
-31
80
-34
81
70
-96
56
-23
74
37
84
-42
47
49
-42
15
83
-13
77
62
65
28
-62
-34
-29
-95
91
-67
-99
49
-21
-84
-89
23
21
-15
71
-24
20
43
13
24
-5
-34
51
81
23
-1
-26
83
91
-28
-85
16
58
-82
-22
74
20
33
24
-91
-74
-17
-51
-53
-95
18
24
-31
-20
-73
55
-79
50
47
3
47
-12
96
-38
-76
4
-24
40
44
-25
-91
27
-88
-9
-41
94
-95
11
40
-55
5
7
98
-4
22
43
38
64
32
24
32
11
-21
13
-99
39
-7
71
58
-14
7
59
-36
35
99
96
7
-11
-91
-37
-82
41
-45
-72
25
-41
-10
-41
-82
69
-17
42
-31
-23
45
-70
6
-37
62
80
38
61
69
-30
27
20
73
7
-79
-79
-77
76
56
27
30
57
-21
37
-23
97
-37
0
-55
77
31
96
64
-69
64
-89
-16
12
-30
-81
73
-47
13
-48
-73
29
27
-6
-82
-13
-95
64
2
73
61
-58
-7
-6
64
74
-51
-37
72
-52
77
-6
92
70
-15
6
-62
-93
-57
-33
83
-17
44
-35
-82
-32
9
86
1
-9
-55
37
-98
-88
-2
30
25
-49
86
6
-62
27
77
-31
78
37
-72
-12
-96
-84
-31
-52
47
72
-24
-29
-82
51
-93
51
33
5
-90
-46
-49
-20
-32
-23
9
-65
98
-59
-35
-54
21
-70
36
49
-14
-20
99
-18
-14
-44
-54
-22
-3
-63
-82
-97
-18
23
-15
5
-75
26
-49
-75
98
-33
10
30
43
-75
61
-11
-78
-43
-42
72
33
-81
-96
-15
-65
-68
36
87
81
-78
-25
-56
98
15
-90
-33
93
63
83
94
0
-60
-48
36
-67
70
14
-33
21
-96
-98
52
-55
52
31
-34
-58
7
72
16
65
37
-22
-38
37
43
-42
-59
-83
-7
17
-93
51
-45
-94
21
-56
-45
63
70
55
-94
54
-59
97
15
-63
-22
31
34
-92
-83
75
-17
83
-51
-71
-84
-78
-44
20
11
52
-78
8
-22
-55
30
17
-62
-26
36
51
48
-23
15
14
-2
-84
99
34
90
-64
82
91
52
27
15
-35
-38
44
-63
74
-22
-96
-16
66
34
81
-51
-30
57
-63
33
59
58
3
-5
39
-5
-47
-68
-95
-55
22
-96
34
34
-23
58
-69
12
-79
-98
-45
-56
66
-51
-60
9
88
54
-94
37
81
-59
-74
-31
96
79
71
77
43
5
79
2
88
-35
-68
-92
2
-53
41
-15
-71
78
-29
12
-74
9
56
6
9
-82
68
22
-79
-27
-20
26
-7
-93
-52
-39
84
23
-38
94
39
16
51
-69
79
-48
-88
-85
-51
-30
-13
98
-40
-12
-70
49
-25
27
41
-63
-2
-61
29
20
-71
-67
99
17
52
60
-39
25
-90
24
-12
-83
-51
-98
-15
1
13
95
-89
-17
13
76
-12
-20
-76
-22
66
70
95
12
23
-76
71
71
78
-42
71
7
59
-63
-24
-68
58
34
-93
38
-83
-48
22
27
15
-56
75
14
36
-80
-50
3
-56
81
-14
59
66
-35
10
-92
30
-64
-70
49
61
11
51
-88
55
-58
15
-38
-27
53
-63
58
56
37
-69
-93
-78
87
-39
-84
-96
63
17
16
77
-73
97
21
-92
-87
-56
-39
17
-77
34
5
91
62
6
-81
-21
-64
34
-89
-88
-97
36
74
-33
12
19
3
94
18
47
10
-93
-70
-88
-72
25
37
11
24
-29
-42
33
27
-53
-53
7
69
-66
79
-75
-78
9
-44
-2
-58
99
-96
13
-73
55
-99
-87
-5
88
51
12
27
19
25
45
-47
-65
4
-11
48
-65
53
-9
-46
-53
-82
-39
-85
62
87
27
-5
86
5
52
30
9
91
84
45
-92
64
-75
-37
53
69
74
3
15
91
-5
71
-60
88
-17
4
-75
91
-34
94
28
-16
40
92
-81
-75
-90
-27
-88
-81
-47
-19
-80
3
31
-46
-85
81
10
54
17
-19
15
-46
-55
68
39
62
-35
-72
-54
8
-18
-18
0
-70
-83
-2
-7
-47
56
-33
67
84
-97
24
60
-79
58
-11
65
-6
15
-60
-63
-22
-26
-47
-91
33
59
-66
-52
-34
-49
-79
71
79
-37
53
27
-3
51
4
15
79
35
79
-37
-42
-89
48
-43
-82
80
55
75
54
-41
26
21
11
-45
-5
88
-73
73
49
20
-1
30
63
-88
18
59
-7
52
99
76
-13
36
-72
-14
0
44
64
78
39
10
0
-9
95
-38
-92
-37
-26
-27
14
91
-19
62
22
-8
43
-93
23
-83
-85
1
-86
-46
-11
5
12
-91
-6
-74
84
-47
60
-12
-84
86
88
-11
85
-31
-15
-77
-19
-67
59
-86
4
15
19
-46
71
-46
43
-77
71
89
-65
31
57
-48
78
54
33
30
80
-60
-59
-74
57
56
11
-10
-40
-86
-4
40
-17
32
-43
0
91
-29
90
88
8
-9
-60
85
-23
-38
62
51
-82
-86
29
-56
25
76
86
90
30
84
-98
-41
48
-95
-37
-43
-77
50
57
6
-92
-22
96
-9
-82
-64
-91
-13
-17
5
77
34
-30
-4
-73
-73
0
-10
69
11
16
-62
34
-18
-89
18
94
-11
10
-10
-52
46
82
67
-38
97
72
-12
54
55
80
-56
35
-42
-36
-46
-33
-30
-28
31
8
77
87
-67
15
-88
47
-95
46
23
96
-53
-95
-31
58
-52
31
58
-92
-78
28
-86
-1
-17
8
-28
78
83
37
-2
6
-42
-41
78
-96
-56
-81
-95
66
-83
90
94
62
-55
-17
-43
59
-26
-90
-39
-12
-60
-84
-64
-96
-44
4
-98
38
96
-7
-59
-99
-2
48
-66
-54
-85
-81
27
57
-98
-63
-97
89
-30
-38
71
-44
-18
-38
-92
-30
83
-64
87
86
-57
-87
53
-23
-74
-2
-29
80
-33
37
-77
49
47
50
88
73
-32
-12
89
51
-76
1
78
-20
-82
44
39
-10
-16
-58
74
67
41
13
-40
14
-15
63
-39
57
85
20
28
2
-85
92
-76
84
-91
61
19
58
-45
65
-14
-39
85
-34
31
0
-74
-82
-43
-49
-54
28
36
11
-7
-9
29
-45
26
58
66
-12
-37
-41
-33
-89
-53
96
87
-65
69
-62
5
94
-55
81
42
85
-72
98
-38
22
-37
-27
63
-89
-73
-92
24
-88
-2
-99
59
-28
-61
-68
-6
11
-69
-52
-92
0
-79
-30
-71
10
88
45
-26
68
-9
-70
23
12
-5
65
24
77
-58
53
21
-43
60
7
-47
41
93
-86
-96
40
55
-13
63
-43
-77
43
-84
29
76
-44
-9
55
89
12
-3
39
-86
-44
-90
61
-17
57
55
97
-3
74
13
-89
-4
80
-70
94
-77
-20
-29
-13
6
-74
-12
-70
-5
94
-74
-18
-67
71
90
42
88
-84
22
38
39
57
-79
66
67
-17
65
47
-40
44
59
1
-71
-97
51
-27
0
-80
46
-2
58
-16
62
-99
-71
-51
87
-47
-24
44
84
-2
73
6
-88
83
-32
18
36
-12
36
97
-68
-58
-97
-74
-25
-74
-10
49
67
60
-75
-3
-87
92
52
-49
6
-4
81
92
93
35
-81
-34
54
-51
-80
-75
95
56
-54
-96
-38
-39
-41
-99
-86
22
45
23
-51
-79
-39
-61
94
38
53
-74
-4
95
-73
51
-95
39
97
-76
-79
-24
48
74
28
25
-14
74
81
97
-65
68
-96
-78
4
-57
-42
0
-16
1
-32
55
25
15
-91
-52
-10
63
-20
-32
93
42
96
-37
43
52
47
-93
-81
-85
96
-74
-39
25
-23
43
93
27
-65
-94
-86
-81
25
48
86
7
23
5
8
-50
96
-42
-90
-8
55
-5
22
16
-27
79
-53
62
-10
35
-90
12
5
43
-88
47
69
-55
-62
-49
59
-34
-36
78
-92
-56
-6
-33
0
-62
2
19
98
12
52
-29
93
82
-52
-39
28
-73
94
-46
-59
35
-75
49
-28
19
31
7
7
93
-82
45
-65
-77
-83
78
-8
-75
98
92
-24
-11
-3
55
67
45
-64
-90
-10
14
-42
45
99
56
-26
7
93
20
82
18
75
73
14
-62
78
13
31
-81
-16
-26
70
41
-49
94
-86
-35
-71
24
-17
22
-40
72
75
55
-85
-49
76
-23
-60
63
14
-58
70
-71
-68
8
-51
57
-61
-41
-71
47
-90
-56
-7
2
-54
40
16
-94
59
-50
58
-84
27
-21
22
25
63
31
-61
-74
-66
29
87
-70
74
-14
71
53
28
-92
-22
23
-21
-96
-72
68
78
-27
64
-2
89
-15
-31
-11
81
23
-10
91
-14
63
57
78
36
0
69
21
-71
27
28
67
-36
17
-58
70
36
-48
97
-7
9
32
99
3
-92
-24
-9
-52
-3
57
24
58
-37
-21
-33
54
91
-91
49
89
-56
12
4
5
3
-80
75
93
45
13
-50
5
14
-38
8
40
-90
69
-7
-91
63
53
60
-48
58
48
-5
14
31
22
-46
68
34
38
-9
75
-33
96
37
69
67
-24
-31
-21
79
-18
-51
65
69
15
-94
-15
63
-48
-38
94
80
-76
42
-18
-10
-5
54
67
45
4
-34
2
52
9
-46
80
86
43
-23
-77
43
-28
-37
-72
-18
-13
-78
-51
-32
-28
86
68
41
-44
44
87
-86
-58
9
43
-97
10
99
82
-23
33
-28
20
-64
94
-22
13
-15
-92
-57
-35
48
78
-41
46
-65
89
68
40
-1
-38
-82
66
-89
-5
56
34
-94
-84
-79
-64
86
45
10
84
87
-74
34
38
-86
64
-54
37
69
-41
17
24
95
84
-98
51
-65
-37
-78
-23
-65
-39
-85
-60
91
38
80
25
-55
56
95
-89
-97
-19
33
17
-92
-69
6
72
7
72
11
-33
14
65
-98
15
-84
22
-48
-18
-77
-30
-56
-96
-60
-72
51
-69
-84
92
-84
88
6
-15
-31
36
-90
99
34
69
26
23
-90
-43
-86
58
-39
-79
52
-85
-80
95
-10
12
15
3
-67
30
0
22
92
-64
-55
23
-8
36
-47
-98
34
-47
-73
94
-92
31
56
-60
-85
-32
51
-76
1
-68
84
8
-26
-77
78
78
50
96
92
91
-84
-77
-23
-48
-61
93
-92
-21
94
63
86
-7
-50
-46
-93
97
-54
-84
-16
-28
-39
24
-27
-55
-69
-35
0
-3
60
-71
49
90
70
-99
-59
-34
-42
47
10
-55
-54
-74
-72
34
39
-13
35
65
21
0
-83
16
0
36
-91
-18
37
93
26
-98
45
35
18
85
-82
-70
55
-83
-19
-22
-65
-84
-12
-60
8
18
53
88
38
58
85
79
20
76
-42
-98
-60
90
-65
-81
-97
-1
70
-64
-16
-95
72
-30
-92
94
-77
6
37
-80
-78
32
-70
-8
97
44
-64
63
68
40
-84
54
32
-12
6
-13
-22
59
29
2
-96
-4
-48
-53
15
38
-69
34
-47
13
-48
14
0
39
37
73
18
36
5
-77
-68
-65
-94
-68
-25
-24
-9
-46
-67
-34
-40
-89
8
-22
-58
36
-25
21
-29
36
67
73
-3
-51
26
-58
26
-40
56
-56
52
12
-87
-11
6
-79
21
-78
16
7
-83
67
74
-61
-53
-27
-9
59
10
-59
75
78
78
28
18
-9
-7
78
-40
81
54
-50
-87
13
-11
73
-1
86
76
-25
37
-29
-83
72
-20
15
9
-82
-58
-60
77
-38
93
38
-80
59
-27
-88
-33
68
68
-93
71
88
96
53
-76
57
-85
-50
18
-42
12
-72
8
32
37
-76
-18
34
-17
-51
7
-87
-32
-56
-15
-66
84
7
-5
-44
-46
40
50
-49
50
-32
-16
-99
-21
-53
-63
-74
-99
93
-61
-37
-84
31
48
40
34
42
-18
46
86
30
-43
24
-81
-65
-54
-36
-36
56
-55
-35
-53
-35
-12
66
18
9
84
29
52
-63
-84
0
42
33
74
-65
-12
34
-34
10
0
54
69
-70
-66
-96
71
60
64
95
77
73
35
-2
37
-97
-53
35
86
-88
83
70
-83
43
45
-84
81
-58
-43
-2
-3
94
-3
4
13
-42
-75
-10
51
81
0
12
0
-18
57
91
-95
-66
-37
30
-32
65
-67
-74
48
-68
-95
-86
88
95
47
-36
-71
-64
-21
-20
40
86
-24
-24
-39
95
57
32
-14
0
52
-18
16
92
32
72
-33
67
-99
70
29
-17
-53
75
-82
2
-8
5
69
-14
26
26
81
-62
-4
-75
-85
-69
-27
-44
-85
54
54
24
92
22
-48
14
53
-2
-52
-62
77
78
-20
-18
35
-99
-57
55
68
-53
79
69
86
80
-63
-46
-36
-76
50
57
-13
4
-70
-19
6
70
-41
-78
-77
15
48
67
24
29
-79
94
78
-34
-85
-38
61
-44
-32
-91
68
16
-13
-92
-46
-80
-29
25
-78
-29
-65
80
-23
40
95
-31
42
15
68
56
-37
21
6
-43
0
2
-65
-3
69
-79
22
80
-68
63
95
29
-31
58
66
-24
-8
62
-78
-85
41
51
-22
-82
10
13
91
75
-24
-96
-45
-41
67
-27
79
85
32
-43
77
-5
-14
-56
-19
29
80
37
-26
-36
-90
16
-56
-95
20
-9
-70
58
54
94
52
0
6
13
-90
92
-59
67
68
-67
64
-81
1
58
-67
52
-16
-65
37
-80
-48
98
-11
47
-97
-93
89
-46
23
-25
-64
-98
9
9
63
32
70
-80
-32
24
-68
-80
-39
-68
-86
-26
-48
-74
-43
49
11
-76
-55
80
21
-80
14
-50
-36
53
-60
68
17
-99
-90
40
-88
40
-21
53
-24
-20
93
-40
50
68
-73
38
-68
98
80
-58
15
-94
-5
-24
-76
-87
-1
-2
-44
-78
-55
34
-69
54
-90
86
-66
-8
-72
-95
-1
-12
-38
53
83
27
11
87
-94
-84
90
-57
7
-58
36
82
-80
-74
-75
71
85
-35
-59
59
87
4
-25
41
-86
-73
34
45
-82
-49
73
48
-80
93
83
-4
-15
9
28
46
-12
-82
-98
-44
85
48
7
89
-16
-46
89
-61
98
-64
-96
-4
79
98
76
35
93
76
-90
46
-30
-79
32
-60
7
3
66
-21
65
-52
82
-34
-9
-87
79
-87
83
-64
-56
-40
64
91
-30
62
70
55
19
-99
81
-80
46
35
75
90
57
2
65
-91
-8
-75
-2
-57
97
95
-46
35
13
-15
-83
50
62
93
39
-63
-88
39
28
55
53
-51
-89
-33
14
91
-32
-55
46
-2
81
20
-87
36
-38
-55
6
-7
-92
90
-32
-37
-50
99
92
-49
58
-31
27
-8
96
-52
92
-31
85
-53
-90
83
35
20
26
66
-91
-27
-69
82
58
0
83
-37
-58
65
95
53
44
49
46
-58
68
8
-27
89
66
-79
34
-1
33
-55
64
24
43
-71
5
74
-15
79
-96
78
39
-60
93
62
41
35
19
59
-59
48
23
-38
77
9
-42
-21
-55
-41
91
45
-93
-64
-38
40
-91
-24
0
99
48
21
24
-32
61
89
42
67
1
-59
-35
95
11
29
-33
95
75
-2
71
-79
44
-41
73
-8
-64
-14
-32
33
97
-90
35
1
28
-6
-77
-35
-26
-60
74
48
-83
30
-1
-67
-30
18
56
89
30
-70
0
-78
6
6
-79
-17
-97
-4
43
16
-18
-25
-59
-93
74
-48
-92
88
-18
-90
-77
58
19
48
6
-55
83
-88
54
42
-65
17
-17
38
-54
44
-22
-7
93
-18
91
-94
-24
-80
-44
-92
-15
62
5
-65
-73
49
-97
15
-38
-66
-40
87
0
98
-46
67
-99
56
-60
-68
-17
-27
-54
-12
30
-46
12
73
-83
31
-61
49
29
-21
-23
-66
-97
69
-73
49
-31
2
95
5
-68
-27
21
11
90
81
65
-10
-37
6
-99
66
-59
-29
84
71
34
72
62
46
-26
-32
23
-10
-14
62
-45
-13
-70
-27
-16
66
40
68
50
38
66
3
-37
-86
53
67
0
99
68
-16
35
-67
37
75
-3
13
22
70
83
-55
97
-12
38
12
-62
34
1
29
-69
-36
-3
53
31
-40
80
-86
-38
22
17
-51
-19
-27
-97
95
73
-60
25
88
-62
-99
-13
-77
43
48
29
18
-39
-2
-74
-98
-68
-62
39
-60
34
88
-78
-53
6
-60
64
-2
-48
-84
-33
64
69
6
-78
28
76
-67
-25
88
-5
61
-70
34
84
88
49
-17
74
-31
39
-58
35
77
23
40
-84
21
97
42
62
31
-50
-67
-84
-41
54
-4
69
-35
57
-9
6
-58
13
-59
26
67
-68
35
25
-86
91
29
73
28
-76
6
9
-90
-24
3
37
-79
7
-61
-14
21
99
-2
38
68
-54
-53
-63
19
-54
5
-62
47
76
93
7
-37
-29
0
46
83
24
-74
-87
-42
44
-58
-94
14
-41
92
69
21
-64
-51
36
81
1
0
-18
-17
-77
48
-35
-89
10
-50
-93
-40
-65
80
95
-68
-68
-98
-66
-68
-17
91
19
0
76
31
-38
5
82
6
8
5
70
86
72
40
31
48
-41
-77
95
-21
34
12
98
66
-33
28
-1
56
-3
68
36
53
-9
-91
-31
38
91
-81
-44
-96
59
54
40
-69
17
-44
-94
-80
33
-81
22
2
18
73
6
85
-62
-20
-39
21
-94
-37
-23
-85
62
26
-68
47
-33
-53
-92
-60
7
50
3
9
-71
94
33
-55
9
87
1
42
-59
21
-78
-40
23
-76
-26
60
-16
-91
2
12
91
-74
-51
24
19
-79
-37
-3
78
53
-63
53
49
-65
-44
-19
-21
97
-87
-79
30
86
-62
4
90
-4
-93
-65
7
-19
-41
90
48
-53
56
46
-83
-72
52
-16
7
-74
-4
51
-9
-55
-93
98
-56
-73
-97
7
48
-10
-29
-58
-60
-93
66
-79
-38
98
1
-84
94
74
5
13
-88
-10
-62
-46
-83
93
-15
-37
1
86
5
-65
34
-69
-3
55
-79
76
74
-18
-18
-15
-47
82
34
-88
-5
1
-27
62
-79
-88
-8
-24
-33
-77
86
-51
-81
35
-96
46
26
25
23
-80
-31
-59
51
69
83
-50
-73
-19
-15
-58
-54
-72
52
51
74
63
61
-69
-25
-4
-89
-99
-92
-59
41
47
-79
-3
16
53
-80
39
-21
-2
85
-80
81
-45
-74
37
-1
-34
13
-28
-87
-41
84
-80
-79
75
-82
-3
-4
64
-77
31
74
-1
57
95
16
52
11
62
91
98
-19
7
6
-10
68
-69
32
22
68
3
-59
95
-21
80
89
81
97
10
41
84
-12
92
-11
-11
26
97
93
-76
-57
-33
93
-25
19
24
-46
8
-65
60
-91
82
89
56
30
-78
-19
-83
-50
-8
73
67
-10
26
-73
51
58
76
-90
-33
36
63
-84
-28
-57
36
21
95
-69
9
71
9
-93
-3
-6
28
-79
-34
89
86
-61
-75
-72
81
59
-29
40
18
94
21
-31
-53
-83
73
90
-15
63
66
65
68
-66
89
-34
18
55
0
-26
19
3
46
46
-4
87
-89
-22
-32
56
-3
5
-49
84
53
-64
-54
1
39
-59
-40
94
20
46
0
59
-35
95
-33
0
-43
-5
-71
42
33
-1
-92
-44
9
30
51
2
-50
10
-53
-99
68
-7
93
-92
-76
47
-86
19
2
12
-86
-87
93
8
82
-78
-92
-12
-70
89
-93
78
-56
74
78
-26
21
-93
96
-74
40
69
79
53
-26
13
-5
-74
-64
-11
28
-55
1
-38
-60
-99
-88
-9
16
97
0
-11
-65
-48
75
35
20
-41
-70
-17
-71
92
59
-56
-3
8
79
60
17
98
83
-27
75
-4
19
6
37
25
18
-48
75
-68
7
-32
26
-23
-49
24
46
-34
81
-58
-63
-70
-62
-23
-12
-62
-51
22
-71
-54
33
82
8
-63
-2
20
-8
0
-94
86
-68
-15
31
-97
-88
25
67
35
-86
61
-2
62
-97
-84
89
28
-34
-40
-26
84
-30
-2
35
7
-74
-85
79
8
58
33
56
-6
-27
9
0
-22
79
73
-5
5
11
-49
19
14
85
-12
26
26
55
26
-81
-29
-9
-47
46
-39
-81
-45
-82
-10
43
-53
38
37
18
-20
-71
-59
67
-13
24
61
-68
27
53
3
-79
10
-37
-65
-84
-91
-46
-34
31
-97
21
53
-22
48
-81
-26
50
12
-24
-11
-31
-2
3
5
-30
-74
9
43
67
2
73
19
85
-20
-95
-24
-55
-90
69
85
67
0
97
15
72
44
10
-94
82
-32
-88
-13
-32
66
73
-24
-50
66
31
-38
-53
94
-95
-65
73
8
-4
38
61
88
-64
7
0
-52
-55
30
15
-26
-78
-87
5
-85
-53
-58
-91
-95
19
83
55
33
42
-23
-84
93
-2
28
68
81
-22
10
-61
-1
60
37
29
7
-22
-22
-42
64
57
28
70
95
95
64
42
55
0
14
-83
89
-91
-7
70
76
-81
78
-20
49
50
43
79
50
-92
76
74
-39
-28
-76
54
-47
-84
58
52
5
-28
-17
-25
-5
49
-9
-97
3
89
15
6
52
51
-9
-96
-40
-17
-59
18
72
-62
32
-61
-23
6
-25
23
17
-35
81
-25
-42
-17
-13
45
62
-47
71
-89
83
24
-24
57
-98
-54
20
78
90
-28
83
18
-74
55
-10
-13
68
5
72
-14
-22
-44
-12
-82
0
10
-57
36
-94
-27
91
63
22
-33
9
29
-19
-43
-53
96
-3
48
0
-92
-37
-4
-5
51
56
-96
-59
-73
69
-99
99
-92
33
-43
67
-22
-42
-12
77
3
69
-58
-76
-19
-68
-54
28
78
54
26
25
-7
13
-71
36
-39
88
-38
82
36
76
49
-26
-80
-7
9
1
20
93
14
14
-87
-85
-20
-70
16
6
43
19
91
-72
71
-8
29
92
-5
-26
-35
-29
58
-66
-81
74
-58
-21
76
84
-24
56
20
37
13
52
55
53
55
7
-5
-16
-80
-47
0
-84
88
-77
-79
51
-65
-6
13
-27
-87
92
-83
3
45
-11
-15
-75
-37
0
13
-82
10
-21
17
-96
7
-48
-42
27
-48
-52
52
67
-85
-60
-11
0
-13
-67
-80
73
-74
-68
46
20
-98
-43
-50
46
56
-85
7
76
0
-51
-65
92
34
-72
57
-81
-23
-65
77
36
24
58
96
57
-18
-23
62
-99
32
71
-49
-80
83
80
32
-49
19
-70
-18
63
45
31
57
-51
-9
59
18
96
96
-81
20
-94
-4
-71
16
-55
-65
-89
63
63
-2
33
-84
-75
-93
-60
-62
56
70
-48
87
-72
27
-19
-55
94
-35
-32
57
-42
-71
12
-59
42
53
56
-52
-13
-69
92
46
-40
-6
23
43
49
88
50
85
-60
-37
99
-48
-24
-95
-5
4
72
-64
-15
-69
-49
0
61
-26
29
-40
-66
67
-17
-88
-25
-51
81
-40
96
46
-23
-91
76
53
5
-40
50
-25
68
74
20
-73
52
47
46
-57
37
90
26
-96
-90
6
62
36
-4
76
-92
13
52
77
18
-90
22
13
26
-88
31
57
-68
33
5
-10
63
-35
-67
16
77
-70
-91
29
-25
-79
72
-86
-96
-56
14
38
-3
72
-73
86
-64
-44
17
49
-80
-58
70
-64
56
96
-88
1
-11
-85
87
64
-67
71
96
-30
-20
11
39
68
51
9
-60
58
69
-11
21
5
96
-56
-45
-9
-10
-26
-98
-89
24
-88
-96
-84
-71
-29
3
13
-4
66
24
-81
14
-90
-82
7
18
-65
-76
-34
-5
61
7
-17
-68
-87
-7
-70
74
67
11
68
69
-2
-28
49
-2
-23
12
-79
89
62
2
-97
-12
8
20
0
79
6
-8
39
54
40
1
-36
99
-15
-79
-99
-61
-52
-15
-51
-8
75
-68
-91
14
-25
-29
39
80
-32
20
-70
78
47
17
-20
15
-65
5
-52
15
-37
-66
34
-95
-40
60
90
-55
-25
-15
-35
51
92
94
53
-90
-17
35
26
-57
2
54
53
97
36
-60
90
-7
-93
-68
-44
-33
52
-57
-75
-75
-92
36
-76
99
71
88
78
-34
72
-30
17
79
40
-21
-64
60
24
-28
-93
84
74
87
3
-78
36
95
3
61
13
-4
98
51
14
43
2
0
41
-55
55
-63
-10
-62
29
-53
13
21
0
-38
28
53
-22
95
-7
-89
95
39
97
-62
-34
-76
95
-56
-60
-47
90
-84
-47
-8
-91
3
-14
-22
88
-87
-14
6
54
-88
96
11
-68
75
51
23
78
-53
-70
21
68
-19
37
8
-74
87
-44
76
-77
-43
74
-60
-95
-64
16
6
-20
-60
3
97
-44
-48
-53
25
76
86
98
-98
49
-55
-79
58
-44
40
72
-85
-48
-4
72
-72
-7
-4
18
-69
22
67
-99
-68
-56
37
14
70
30
48
83
-16
-74
-47
66
-87
-71
82
-81
39
19
94
45
-79
-65
51
-33
0
-15
88
-31
76
59
90
-43
-80
79
46
-43
-29
57
19
95
43
-83
-46
29
-20
93
-37
82
-55
-93
-10
93
75
-99
-99
94
-18
-45
50
44
-38
65
-49
43
-26
19
-47
65
10
-71
-32
21
-35
63
76
79
-24
-46
45
26
25
-7
27
-75
-16
46
64
69
-80
41
6
-43
32
76
-31
95
-43
11
-82
50
-96
63
59
31
0
-98
37
95
-8
81
26
-18
42
-90
-34
15
82
51
44
56
77
42
4
-25
58
85
-88
57
-30
64
97
-57
68
52
13
-86
9
-96
3
-84
0
77
2
75
56
-14
-9
27
60
-4
24
46
-17
-11
63
-81
-76
-93
-39
79
92
-72
-2
-46
-6
55
-61
-73
33
71
11
-19
95
9
40
7
84
68
15
2
89
71
68
50
-73
-35
-28
-85
87
41
-29
-52
36
41
97
-34
-13
84
92
-71
-49
-59
42
-65
-11
-97
-17
-93
16
0
27
78
71
-75
-67
83
-87
13
69
97
0
-6
86
-80
-14
-14
-65
0
-60
-26
-37
-33
52
40
-22
-2
-4
-89
20
-7
-46
57
-40
64
-67
-67
-59
83
-97
20
99
-5
69
-3
-96
3
-42
79
-47
-41
74
64
90
-95
71
-99
-34
48
35
99
14
79
-1
96
-4
-37
-74
56
77
-17
77
69
-78
-82
-3
-43
-8
94
20
-34
22
16
-4
-70
-87
59
-35
-9
89
-36
-75
-41
-89
17
81
-80
-33
-88
-16
-62
-86
79
-52
-28
-53
-48
-98
90
-74
-6
-91
85
42
-45
-66
41
-26
-45
92
11
47
20
19
76
68
11
68
-10
95
-91
-34
26
-13
88
-50
73
-68
-13
69
-41
-36
5
-6
-64
88
47
-47
20
-83
34
82
-20
59
49
-91
4
66
76
70
-86
-93
77
-36
-80
-28
33
-99
4
54
-89
-82
-6
60
-55
-84
65
94
-58
-89
50
96
24
-93
-25
28
-51
1
-44
-27
-98
10
-68
-95
69
35
25
54
90
61
-61
-37
-9
-58
-34
82
61
-26
-22
43
-82
-91
-13
-47
-57
3
-16
78
-46
-65
-7
-64
14
40
37
-4
36
-30
-52
-3
-90
-1
91
43
67
27
79
21
45
-99
60
20
18
-64
16
86
-24
25
27
-86
0
-92
-24
18
32
-48
-99
-61
60
-18
-31
88
95
15
19
63
-71
-46
80
-12
19
-99
43
-54
-91
-53
87
9
2
-61
-61
-80
-62
-88
-1
-46
-93
41
88
83
-67
72
-9
-5
-10
32
19
16
32
-25
97
50
46
85
49
18
63
90
45
79
59
88
9
-78
36
42
-92
-28
41
-72
59
-62
33
22
89
-66
-98
14
42
-59
40
-42
-72
-81
47
12
82
-43
-96
-14
51
-19
64
36
-39
78
10
0
-72
58
4
86
30
-77
16
94
66
36
-63
46
21
-52
36
-10
-2
-20
-14
-84
-29
45
-24
-36
-38
63
-7
98
-26
-69
-43
-85
24
25
83
12
-5
-68
-80
79
-93
-64
70
93
94
8
-18
-41
80
-68
-23
-5
-71
31
-94
-73
11
44
-27
-47
-7
-22
42
-56
54
43
14
92
11
11
-5
-41
57
-1
-71
-20
-1
0
-32
-47
62
9
32
-3
85
73
-76
37
-90
-21
71
-71
-24
50
59
-22
-16
-53
25
-44
76
24
7
57
84
-12
93
-83
33
55
-19
-68
-72
-85
-61
12
62
91
-22
31
20
37
-80
15
-89
55
37
-95
-44
-18
-7
-47
-72
-53
37
-99
-8
-10
-60
-84
38
-7
-21
5
-75
16
15
-2
-55
90
30
81
-64
85
-28
-51
92
28
-17
-7
87
-77
-34
28
-4
-25
14
-86
3
40
41
-60
-85
97
-40
28
-48
44
-92
-51
-38
24
-44
44
21
91
-30
83
42
-13
-87
-50
-95
96
59
-97
67
88
-70
25
-10
86
-79
38
-61
-41
97
59
-8
34
-36
53
80
-72
-77
81
-40
-94
78
74
-66
88
-43
-82
-32
-3
-70
7
67
-31
-15
96
35
-29
9
-40
83
74
-23
-6
-5
-5
49
15
36
9
73
-60
83
93
21
64
14
71
34
57
-18
2
-66
44
69
-60
78
71
78
-23
17
-3
-85
67
78
35
59
-59
-69
31
76
36
56
-32
62
14
33
-27
-94
-72
70
13
16
-76
-80
98
82
19
-1
56
82
-36
-11
55
35
63
-81
-23
61
-36
-38
-78
-64
43
47
-72
10
-47
51
78
-10
47
42
13
-44
-14
-49
-78
58
4
12
-73
66
27
73
45
-73
90
5
-80
40
-8
68
-2
57
-81
-24
5
2
78
-61
-72
51
4
81
51
-83
-9
-9
-45
-45
-48
66
-74
-2
40
-22
69
-40
-18
-16
-36
-20
-12
-39
-5
-64
48
-63
-27
-3
-69
95
14
-79
-41
55
-2
1
41
-14
47
74
-62
10
16
28
75
-8
64
85
0
91
-92
-28
0
-33
-83
-81
31
-9
46
-43
-10
20
5
-3
96
-37
10
42
-70
81
80
57
79
-56
83
32
53
95
23
-98
-61
-24
-82
67
-41
-21
25
5
79
22
12
12
-17
-74
-83
-13
15
6
9
-94
56
-89
-5
-27
-56
92
-87
-55
-31
92
22
-79
-84
59
-56
-65
16
73
61
51
11
-27
8
21
-45
-82
-90
-90
-43
48
-58
-81
-76
-40
65
-66
36
50
-13
4
49
56
-37
-5
59
-67
41
31
-55
-83
-39
33
5
28
-48
-79
-18
3
39
17
-40
61
7
-12
-84
-47
77
-65
41
20
95
-98
-60
-25
65
0
85
34
-81
85
7
5
-16
-62
82
88
22
-27
-26
-64
-98
-6
80
-63
-2
-74
-83
-30
41
88
83
95
-31
-1
-3
-87
70
97
-86
-8
-27
4
61
-51
-53
-42
27
-93
-9
-81
-35
-72
-51
-78
-28
12
88
-50
7
50
-7
60
60
63
64
84
16
34
95
-66
53
-5
-89
-32
78
60
63
14
-51
-77
-56
23
-53
-11
0
-67
77
27
90
-99
9
-70
-47
-10
-98
-15
-90
43
-91
-67
-66
-35
58
-29
41
1
24
34
-97
91
-84
39
-90
-45
-55
-21
26
66
41
-99
-81
-92
80
-67
-30
-12
-45
35
-39
-99
57
-20
-73
90
-68
-25
84
-96
68
56
-4
70
-95
-44
-49
-39
28
43
-11
-53
-82
1
63
89
18
31
-60
-21
7
66
92
18
-35
21
83
33
9
65
96
-17
85
21
-56
96
-42
-85
45
-69
45
39
41
-52
46
-74
48
-38
-14
8
33
34
98
21
-31
77
13
-13
-31
69
66
-69
-55
57
-47
-72
-44
50
-11
-18
-25
-57
75
-57
60
-59
84
44
0
-92
18
47
-76
-21
4
62
85
77
44
16
14
-31
-44
-38
83
-89
45
24
-60
-28
-48
-28
43
-66
11
58
-82
5
6
-82
14
52
-45
72
-39
12
62
-28
65
2
-78
-79
63
-1
-19
44
91
-31
-14
-39
-79
-48
-1
-33
79
78
8
87
46
30
40
-75
64
-55
39
59
-66
36
4
72
-3
-25
12
-89
-17
-18
-87
8
-61
-89
69
-84
30
-76
75
-41
-60
-20
-51
-13
68
-22
-79
43
9
-73
75
16
-20
-57
80
-59
41
-83
-47
45
37
-2
88
-9
71
22
38
69
-18
23
24
31
2
-14
88
44
-69
-52
52
40
26
-32
-15
-63
-93
-89
-83
-9
38
-23
88
-53
10
43
-65
-52
90
-4
-80
92
15
-42
86
-60
46
51
-94
61
-17
54
77
-89
-23
-7
-4
-32
-2
-40
20
-61
56
75
6
40
65
-47
85
-1
61
2
35
82
-64
21
93
-26
-34
22
41
71
6
-48
-67
-20
12
-55
99
-60
57
-92
-39
92
64
49
64
-3
9
57
63
64
15
16
72
-12
10
-59
-20
14
-61
-18
-88
11
45
79
47
29
-90
6
78
4
-38
-54
3
20
96
24
-35
-73
-47
32
7
28
-72
-11
93
-75
-11
89
-52
51
57
-75
65
-96
57
-81
-52
-73
31
29
-3
-37
-55
88
41
-95
44
-42
-28
47
-95
-28
-26
33
23
99
65
55
-17
58
-48
-70
11
27
-15
4
48
16
-6
67
98
-43
-8
39
-87
-92
11
57
84
27
-4
97
14
62
83
-75
-9
-60
-88
81
67
-92
15
-63
-95
-60
51
-76
-55
52
-91
78
-8
46
51
72
-94
12
-38
51
19
33
-82
-35
-30
4
-45
25
-36
30
35
-80
-85
1
94
-55
9
-14
-99
-18
-74
87
29
-24
82
75
-17
-61
21
-32
-92
93
81
-71
67
-6
86
45
-16
84
40
89
-93
-2
-67
-4
42
-87
-85
16
-6
30
-30
-38
41
-25
24
93
-94
-22
-22
-56
-97
8
-21
-27
-3
9
30
31
-66
26
22
11
76
10
-92
-87
45
81
-90
-21
51
-46
-8
-9
-34
12
54
-8
-83
63
2
11
75
-46
21
82
34
-21
32
89
99
37
-44
-79
-74
61
25
33
-45
4
79
40
3
8
30
6
46
33
35
27
-52
89
-10
-7
3
23
-74
-22
77
27
34
-91
-70
-78
-13
-97
0
2
76
-30
-57
-14
-6
30
-41
23
-36
8
44
-77
28
-84
-6
95
70
-69
-61
87
14
92
28
60
-99
-66
28
-14
-62
-42
-2
-47
-93
60
18
56
-66
-42
-99
70
57
-36
-34
22
30
98
-59
11
0
68
-67
-31
-14
-44
-46
21
-16
97
-13
97
53
95
67
-35
11
93
-44
19
15
-30
-29
0
-81
61
10
-25
-51
17
87
-99
-50
-77
0
-20
91
-86
35
86
4
18
-54
44
62
63
-10
67
25
93
63
-43
-14
13
-40
3
47
-22
-50
-37
-41
-46
93
13
86
-95
-16
-17
20
10
2
-28
-20
-72
-63
64
-50
72
-60
65
-59
10
-21
-15
-22
-33
74
14
-55
-49
-35
36
-60
41
-33
52
46
58
84
-42
-87
-49
-24
86
-97
-13
-79
0
54
-98
64
-18
72
-58
63
-1
-84
-76
-80
39
-35
87
61
-87
-13
31
-41
-63
48
88
29
-10
-70
77
20
-8
-62
28
-27
17
47
-90
-47
19
-46
16
85
81
-57
-17
-92
-10
-2
-22
-79
21
85
-24
-44
-15
-27
-23
-6
-36
-9
67
-51
-31
-62
-66
47
-86
-28
91
87
-26
47
18
-26
75
-25
49
40
6
34
68
38
96
21
2
-91
21
-12
90
37
-49
-65
-54
-61
-56
-43
-20
19
35
4
78
-46
-63
76
33
25
92
22
-74
77
-20
43
31
-51
62
-18
7
-64
90
-22
27
-78
-89
-1
62
-42
-40
-64
92
-40
-18
-12
2
0
3
67
34
72
90
51
52
-65
-44
-91
-83
16
-66
-18
-14
33
12
-50
6
87
22
-63
26
8
88
-80
83
24
-60
39
16
-34
56
24
-13
12
-28
75
0
72
-34
-39
27
9
-18
-73
99
30
-19
-60
22
-86
-72
-52
76
-67
99
-49
-54
-11
37
-31
-79
45
28
-40
59
-53
13
5
-13
38
-29
70
-5
82
10
96
65
-24
-96
51
-65
73
58
2
-66
31
-49
-68
-86
18
54
-20
-41
-66
1
-89
90
71
-34
-9
5
36
-15
-88
-26
0
-29
64
-41
17
-12
-29
-22
-54
98
-49
14
-52
-12
57
-10
-11
1
-63
-88
-44
-37
-36
-93
-83
76
-42
-34
67
-18
88
-73
57
-66
42
16
62
-39
-16
-76
53
87
-76
-73
23
-19
27
31
-3
84
54
93
70
54
-4
-81
-8
-32
69
-23
-76
67
8
-7
87
-7
83
79
-82
-16
75
-48
-52
87
77
41
0
-61
-30
-59
-73
-52
23
7
-88
-80
-67
-71
-57
96
11
82
42
54
-81
99
56
-96
22
31
77
-31
-64
81
-7
0
-37
85
-14
61
28
64
79
60
-31
37
-1
-38
-11
59
78
11
-45
-9
3
72
80
-20
37
-82
-85
98
99
-59
85
52
88
89
35
34
78
96
37
45
-21
48
-86
38
-8
-25
89
65
90
-82
-73
-83
41
-43
-86
-65
-83
10
-83
72
-35
85
-77
-22
33
-89
-46
-15
44
-78
-81
-73
-6
33
97
95
-79
12
21
46
-10
74
-40
88
-41
1
63
-51
-23
0
86
-93
-40
-46
95
71
-50
47
27
87
0
39
-9
44
94
-64
-33
7
76
-80
-47
-2
5
89
-47
-42
-68
-82
-76
-68
83
66
-23
81
68
-88
32
19
46
68
80
38
90
-98
-48
56
-95
-60
-99
67
32
56
26
-98
-53
-77
-62
26
-97
75
-4
-38
-46
80
59
-66
7
-24
-32
52
3
-7
-73
-82
-23
-32
75
92
-17
-66
-20
74
39
-90
-48
-90
50
38
-47
78
96
6
33
76
-93
-5
0
87
71
14
0
-67
1
80
-38
-82
-16
70
-51
24
73
-42
68
-74
-21
-42
-31
-15
17
0
-35
-8
17
48
-85
61
52
-32
14
-45
60
-84
-72
-69
-81
-71
-40
-40
-37
-26
59
93
-40
-39
-38
-86
29
-44
-9
37
66
50
-13
-91
-15
11
20
-43
-78
-93
85
77
-95
4
-67
-83
12
-13
19
-53
10
-6
-99
-50
93
68
30
87
55
15
32
-4
-14
41
83
85
-7
9
81
-88
-30
54
-80
-74
52
34
10
81
0
66
-97
30
-7
-62
74
-12
-96
-22
20
-19
27
87
-23
57
-94
26
29
-84
-73
79
-59
-96
0
-99
92
-95
-39
-42
82
-22
-27
-64
-71
52
-72
91
31
92
78
-4
2
-61
-62
-32
-27
39
-48
76
-41
-63
72
91
1
90
46
47
-48
-70
-76
53
-63
61
18
53
-54
38
-71
40
35
-61
54
28
33
-53
-73
-90
23
-88
63
58
60
-27
80
-3
81
42
-34
16
68
-5
61
17
38
-82
62
46
-5
16
83
-54
67
-71
-15
-91
-50
-84
-38
69
84
2
0
35
47
0
-28
-91
-97
-5
-71
7
33
62
-52
-75
65
-87
-66
55
20
-1
-44
-70
19
95
25
53
8
69
-15
-4
56
58
86
-33
85
11
19
-64
-14
38
-68
93
38
15
-32
-96
57
42
65
41
31
-23
-33
20
-12
-21
-85
-36
-67
1
-59
-7
90
-18
-8
99
59
-85
63
-64
93
93
4
-48
91
74
-57
88
92
-3
53
97
40
0
21
-12
14
21
97
95
75
-84
37
-14
-90
24
-62
-86
90
69
74
-50
38
61
-30
87
-88
40
53
23
-72
-39
34
51
-52
92
-2
-90
-19
90
99
31
95
22
78
53
-33
-37
57
20
16
-43
3
-44
-84
-35
73
-82
-31
-40
26
-87
24
-65
-77
99
43
31
79
-13
-13
42
99
9
-7
74
-47
-3
-77
86
73
84
-51
-15
-34
-95
-93
-38
41
-70
-10
-66
-81
20
-84
38
5
7
-84
88
35
2
-86
-46
9
-97
71
-54
-67
-6
99
-73
71
-46
55
-28
-52
58
-43
-30
-97
-1
-92
-61
88
0
-71
72
14
43
13
-74
-18
-12
78
-92
-5
99
-73
-53
-49
-89
69
14
91
-27
-35
47
-49
11
70
-62
-72
12
44
-95
79
-41
-62
-70
-16
16
-27
47
-37
-97
-91
-40
-6
-83
-35
46
-35
-72
0
47
-30
64
71
74
67
-48
-78
94
-35
-29
-37
94
-72
-57
-9
-82
-47
53
-74
-4
29
55
33
98
86
52
32
0
34
91
-75
-25
33
10
83
-49
-41
-97
-36
7
-87
-49
11
-42
-41
44
-18
27
48
-39
7
-92
-14
41
95
-60
3
-21
45
-16
-26
44
-84
-72
42
95
-49
72
9
-65
-96
3
-62
73
-92
83
-43
-7
18
70
78
53
48
-47
1
59
65
92
17
39
4
45
15
4
-55
-54
30
81
-69
-5
74
-57
-62
25
-89
-24
-13
-88
45
-9
-55
-6
76
7
37
-65
-39
-72
-46
-37
27
30
-61
-14
-38
-47
51
77
87
-97
-92
40
82
29
38
-62
9
97
24
59
48
-15
68
44
-30
31
1
-61
21
-14
27
16
-26
62
22
-81
70
20
22
-99
69
25
-73
82
34
-54
-84
31
32
-20
22
-52
-68
-75
-64
1
-60
-7
55
-70
-40
64
72
35
5
24
92
-1
-24
-34
-32
-89
92
5
-26
68
49
-54
-97
-96
-2
27
-53
99
-78
15
-63
54
-43
88
89
51
3
-97
-1
4
-57
-50
-17
96
-97
-24
-36
95
81
-82
78
35
16
-54
65
-63
-69
-6
71
-23
66
48
9
94
49
47
58
70
2
-5
-93
87
-44
74
37
81
-3
-57
-14
-96
-13
-48
-78
-33
-70
89
2
-10
72
-92
65
-80
-14
88
-62
37
21
-98
18
-14
-66
13
-71
-80
6
-39
-32
-77
-9
39
-30
30
16
-30
-1
38
-23
-83
59
-35
-8
-84
36
83
54
-92
-8
50
-58
-54
-95
83
-98
-96
-75
2
88
-99
13
0
-92
-93
-60
-62
-86
61
-81
21
88
-61
-54
-12
-82
-66
-71
-57
88
-18
-37
1
51
-78
55
-13
78
72
-25
-80
-52
92
-68
-89
89
-52
16
-71
-51
36
95
-57
-47
-35
-75
-10
-44
-51
97
-14
-3
-27
26
97
-78
0
25
-63
28
6
-59
71
74
-24
-46
-71
93
-21
-16
34
-61
-66
-1
14
-97
79
-93
83
32
-92
-99
-3
-47
3
48
28
3
-95
-26
49
-34
-9
97
6
59
-83
-64
-59
-60
-3
-31
8
94
-87
-64
-4
69
-55
69
-83
26
-27
-40
-41
-33
-82
-13
30
-74
53
-71
69
-12
-99
-43
-25
-43
53
-85
2
0
-49
88
29
99
-26
40
43
60
32
32
-6
-21
-13
-51
27
-7
70
-31
-39
68
-8
-94
89
51
-45
-16
37
77
22
-77
-13
-13
22
72
97
14
91
-75
25
61
55
-40
-87
63
-67
76
-91
29
-44
-87
-24
13
-88
26
-64
-15
71
-64
55
-60
6
-89
5
4
-63
-58
90
-19
56
29
-55
-10
9
-37
-3
-83
-62
74
-27
1
65
-72
59
58
54
96
-27
-61
-61
3
92
23
4
-36
56
45
61
58
-34
-10
54
5
10
-24
35
1
-42
45
64
43
86
-6
9
63
74
-42
-66
83
60
-63
81
31
-30
-19
49
61
-7
49
88
-61
-96
39
22
57
20
-60
-72
89
14
63
46
51
-16
71
18
83
-91
91
92
25
-75
-29
88
78
80
89
63
77
-59
-79
44
-10
14
78
73
-39
-34
15
46
-57
96
-54
-22
86
-86
-34
58
10
1
64
81
48
-82
-63
-6
24
-65
-96
-57
-52
-80
-39
90
-95
10
-63
-73
46
-69
76
44
50
59
74
-74
-47
34
-14
-87
78
13
16
-15
82
-38
-64
-10
-31
-39
-50
-92
-69
-2
-18
11
80
27
-35
39
22
-49
-84
-92
2
36
65
8
-77
87
-5
-89
-33
85
22
-22
-41
-47
18
-8
40
70
-1
-29
47
50
58
-54
-88
-87
-88
97
27
-26
43
38
-93
-91
-25
2
15
2
49
13
-97
52
-81
-81
58
-16
33
92
20
-34
30
-81
6
-35
34
-37
-98
65
-71
-14
46
-79
-15
-77
67
-76
41
-47
-34
39
25
97
12
63
74
-41
76
40
34
-72
-30
31
90
47
66
-5
56
45
-13
42
10
-38
2
29
-77
-16
17
33
-65
-70
-95
-74
8
-84
93
-35
24
-37
19
87
-90
23
65
76
-85
79
84
41
19
4
39
54
65
-83
53
70
-84
37
-52
-9
92
-8
50
-41
-39
41
80
-89
45
18
-86
-27
87
-37
9
62
36
23
88
8
-29
-98
72
78
-52
-33
-83
17
86
-38
-93
15
-72
-52
62
-31
-46
-5
-91
-85
0
-73
-13
-55
30
-42
76
-34
99
53
89
-32
6
78
5
-22
-3
-44
-5
-58
33
-75
-83
-92
-55
-82
34
62
-14
8
5
-60
22
-15
-27
12
56
83
-50
-93
-24
-7
58
62
84
-79
-80
-90
22
-59
53
-53
-45
-94
-36
34
-54
1
26
63
-66
-93
-54
-91
-42
8
-8
-11
8
66
80
4
-98
90
38
-37
13
26
74
-99
-5
-14
-64
-46
-85
2
-84
18
58
-60
-5
6
79
-89
-37
-29
-69
18
36
10
86
97
-25
-82
-26
87
2
96
97
-34
-6
80
26
-48
16
-64
90
-12
83
-62
-36
-79
-55
-53
-9
-80
-46
-13
19
-4
53
-91
-48
66
68
-40
-41
53
59
-70
91
47
68
-2
