500
77
30
38
47
-74
-64
-47
0
0
-42
-62
-71
-45
-43
-92
-63
-99
81
-91
-59
11
32
-9
56
54
-18
-28
82
70
57
88
43
23
-10
-72
76
1
64
-7
-52
12
-43
-54
-96
-41
19
-74
-38
-88
-52
3
50
92
30
8
-46
-7
-52
27
85
95
-59
-81
98
-46
-76
44
-8
-36
53
-65
81
56
-23
-51
66
86
19
0
-42
23
40
-74
-14
-45
66
97
84
76
-16
-16
-64
-94
-31
15
50
-56
43
-62
-97
40
32
41
31
-28
-92
-23
96
-1
20
96
70
64
-23
-60
9
30
90
14
-29
-69
78
31
-72
0
-45
16
44
19
-94
-19
80
48
-46
-13
-65
42
97
6
83
52
-47
-71
68
-75
-78
-7
46
-47
-47
77
-44
-71
96
-7
-55
-68
34
-34
-16
38
-64
99
6
62
49
3
99
-89
-99
67
-92
-12
88
-60
-75
55
-65
62
-33
55
-13
93
-16
90
-28
89
-80
70
-29
66
-90
6
33
73
-76
-31
19
-24
-51
-58
72
-93
-36
57
-45
-70
1
-56
-1
-31
70
-20
-31
-42
5
63
-51
74
31
2
-34
-58
16
98
36
98
-34
87
-67
78
40
73
92
-73
-78
75
21
98
-95
48
10
-32
0
27
-9
-75
-57
-9
-96
94
61
-34
62
74
24
69
-49
-66
-66
-60
2
-4
35
38
-9
-38
33
54
-63
88
94
63
93
62
-28
41
-52
-60
-4
48
-43
-93
-87
-53
-1
-64
-9
96
32
98
-33
-16
-98
-81
82
-83
34
31
37
34
50
-80
39
-2
-7
37
-80
-89
6
-66
59
81
-24
46
-70
54
-86
-7
-75
-95
43
81
-37
-74
42
81
69
93
-97
14
-9
78
-49
-47
32
53
-34
10
37
-60
7
-95
-33
-72
-72
97
-80
-65
37
-8
50
25
36
87
78
-21
86
-86
87
-74
19
-13
-27
29
-61
-22
86
-89
-10
-18
67
-31
-43
-9
-74
5
89
-37
-73
88
38
49
73
-44
-77
72
77
2
82
11
88
51
71
65
-63
-42
-77
-31
55
-68
-20
93
53
-46
-92
60
7
-69
-44
45
30
-56
-72
85
-51
-24
70
-38
59
8
90
61
-27
41
-55
-62
35
3
99
-11
-39
6
-5
-35
75
63
46
-7
97
74
86
-98
67
46
52
91
-80
70
-75
46
-40
-99
95
76
33
-9
70
80
-32
89
-7
97
-54
-88
-48
31
-7
-39
38
61
-84
-20
-94
-67
-41
72
33
83
-63
-73
58
-71
-66
65
14
-8
39
-32
-89
-12
34
64
-74
-64
-26
47
-14
-2
-12
