1000
-71
64
-92
-67
32
-61
-25
39
61
50
54
-8
-54
-63
-25
15
-2
-37
3
-7
-83
-27
-67
-99
-79
-60
-83
-98
58
-37
47
18
65
-35
69
-64
-42
-2
31
-44
11
70
27
-3
-47
32
-77
56
-45
-60
88
8
79
3
-56
-96
-6
58
24
-99
-67
-43
11
-27
-10
26
83
-56
50
86
21
-47
25
-99
70
25
63
-91
-5
0
-42
-76
-44
16
63
-36
92
53
60
-4
81
39
-65
-20
-66
74
-62
61
79
36
66
20
35
40
-13
-39
31
13
12
98
-73
-54
27
-20
93
-73
-92
-68
-14
62
-76
-3
-55
50
-97
-87
-7
97
16
44
18
53
73
-92
30
14
-5
-29
-13
92
-60
-97
-24
12
-19
45
-60
-62
63
55
-64
-56
85
20
-42
17
-70
-46
-86
-66
36
-42
-22
97
-13
65
51
-58
82
-81
55
-24
31
99
-38
-19
-60
80
-86
-80
73
18
20
-14
88
67
-7
-82
-99
35
11
41
85
-13
-30
-69
15
-90
0
23
54
-29
10
-25
23
-37
-50
92
-51
76
65
74
-13
61
-34
-73
60
17
-91
68
-67
52
-61
-24
15
83
-12
90
-71
-47
71
-11
28
93
-4
-96
6
-99
-26
65
11
24
-4
-10
-38
8
-90
60
-66
23
-50
-6
-26
20
-52
-25
84
-16
-81
-9
51
-46
-16
3
-58
78
39
27
-51
-26
-21
74
-65
-10
-36
-87
-79
-5
-52
-29
-29
-98
61
77
78
-98
-38
82
10
-18
80
-86
7
90
-83
16
-85
-86
13
-93
69
32
-68
54
56
-75
44
-92
-37
-60
-32
-23
73
-72
20
-91
-22
13
66
-12
-38
-46
-34
6
-25
33
-3
-7
79
18
20
49
77
8
-85
36
71
-19
42
-62
-97
87
8
62
54
-20
70
-35
-79
84
-30
42
-63
95
76
11
92
29
72
-92
24
-75
23
69
-66
-17
21
98
96
34
-78
-57
-35
77
44
94
85
-96
19
9
29
-22
-1
-34
-53
11
-58
62
-18
21
-90
-3
19
-72
-92
-65
56
-99
-17
72
-69
-41
59
-10
-10
7
66
-59
-62
-25
95
23
80
-13
-39
28
87
57
-89
14
0
-78
-37
24
-37
52
-85
-10
15
34
18
-89
-8
-64
-14
88
-95
22
62
-18
-87
34
81
-68
-51
42
-29
9
41
99
-61
-28
20
17
-93
77
84
31
0
10
-1
-76
-74
-4
45
63
-21
99
3
21
-49
-83
-98
-21
-99
-24
53
-16
-39
-30
-20
-48
-70
-25
27
67
82
-11
-7
-62
90
-72
28
-63
90
64
5
46
-55
41
96
19
88
-27
54
85
-92
86
87
-30
21
-69
-13
5
83
-47
-24
-23
68
-25
29
-31
-94
-33
20
-16
91
9
-21
-63
53
11
-85
-14
64
67
33
61
-73
74
79
-65
30
19
-30
73
-71
-39
4
-53
72
-26
-61
-41
29
-84
49
50
94
3
-22
-18
-37
-72
67
17
21
-55
76
16
-49
-60
57
71
10
-44
87
26
70
54
-79
7
29
92
-84
43
-61
-95
-57
72
-14
-98
90
82
-60
-73
9
69
-16
77
0
-10
-28
-25
78
-1
-24
-54
-47
87
58
-68
-1
-27
-39
84
93
7
-35
-52
-41
35
53
46
79
-52
-17
22
25
-32
51
-33
-2
-77
-90
28
-78
-88
-2
46
47
-67
-90
-13
70
-32
-33
65
12
1
-82
-69
68
84
-48
21
-32
-5
-10
97
3
-88
-45
88
77
39
43
-95
30
-6
-12
0
67
81
-58
-40
27
23
-75
87
-7
-69
-16
-34
26
33
-5
-45
-47
-64
7
21
-8
52
-4
20
8
-56
-66
-76
21
-93
38
67
8
-89
63
92
94
30
-2
29
84
-42
-86
74
-45
82
60
31
4
81
-83
54
70
-78
40
-30
66
5
46
62
97
-56
74
10
30
-69
-12
41
21
77
43
-12
-84
43
-61
74
46
-14
-94
-37
-88
7
-26
95
-48
-73
55
98
-38
40
-95
29
-70
-50
-43
-27
-3
-18
76
-8
5
-55
-71
65
25
16
47
88
-45
-71
-83
50
99
19
-44
75
-84
49
-58
-18
17
-20
-93
-93
-3
-88
72
21
1
-67
-74
-42
1
-18
77
-59
-33
-31
-80
-57
-92
29
69
-47
-10
-78
-24
26
-54
-57
83
-68
-80
44
-96
75
90
-52
-78
-59
84
15
-33
64
-34
-5
-38
72
-85
-38
29
90
-72
-16
73
71
-55
-27
16
60
-48
-92
-93
-48
66
93
62
76
-79
-35
88
35
-9
-37
25
42
5
-81
-14
47
85
-38
-39
-41
-31
51
-84
87
96
-1
-49
13
-66
2
28
-50
8
-71
-92
31
85
-47
-44
46
93
-24
-51
53
-89
51
-33
-53
90
95
-94
-66
-93
55
10
-51
12
75
35
8
-43
20
-66
39
-2
-86
84
-12
42
4
50
93
-52
26
70
-42
-29
-31
-52
-4
-98
-53
86
88
-28
-93
89
89
44
-14
-72
32
-51
56
-53
-46
49
-75
3
94
-73
-61
-98
-51
-30
-48
-33
-26
90
-70
-40
-55
31
67
-43
84
99
37
-24
-48
-42
14
27
96
67
95
48
89
-86
40
-3
68
40
93
80
89
81
-65
-95
12
-98
32
-30
55
