10000
14
36
87
58
85
77
24
49
38
-59
75
85
54
-54
10
-83
-26
78
-70
-45
-8
25
-5
18
38
67
14
74
-42
76
76
-42
-72
-92
51
-82
47
-2
52
71
86
60
-86
-32
-4
-43
61
97
9
97
67
78
-4
-17
79
76
-17
-15
70
8
67
-12
-25
-76
-81
48
-83
-94
59
-82
13
-94
-13
50
-66
88
69
-14
62
-68
38
-45
-49
94
70
-94
92
-88
-33
80
-20
-82
-76
61
-62
29
40
21
46
-95
-78
-57
-89
40
39
33
91
-33
90
-23
-28
95
5
0
-42
-89
90
-14
-74
-30
56
11
40
60
-24
-81
-98
-52
-96
9
-23
46
-96
-31
-80
28
92
49
-95
-54
16
-47
7
-22
12
-28
-98
-6
-73
73
6
38
-28
-37
69
-17
-29
-34
35
31
-41
-37
-99
-29
-75
79
21
-23
15
-51
-22
-52
61
73
97
-25
-64
20
3
-46
99
-1
27
-47
10
24
12
-26
7
-81
27
-78
41
-5
-73
0
-56
-3
98
-44
24
29
-49
0
-34
13
-67
-32
30
0
90
68
99
7
97
-98
-89
-79
-60
-11
-76
44
-17
18
82
-47
57
-18
29
-41
87
41
97
48
88
-88
11
-26
-52
-91
-2
-54
91
50
48
81
22
31
32
-60
70
-88
-55
-11
-96
3
-11
35
40
13
25
-7
-47
28
-28
49
-43
-81
12
81
-34
36
28
45
-58
-54
13
28
-30
71
1
82
-54
-20
-18
57
-37
-77
-91
-20
5
71
-5
-2
-95
-56
86
12
36
4
-17
-89
-71
-26
-66
81
-13
-78
90
72
41
24
70
27
87
54
-79
-73
44
6
-87
85
-91
-84
0
84
-59
5
81
-51
13
59
84
20
-36
-81
16
-43
-49
-19
27
-81
-11
-34
-15
41
50
-57
75
-29
-82
-52
-63
-71
2
58
92
-12
40
75
-57
54
23
50
-26
-5
34
-48
12
-47
66
-23
80
83
-90
-81
60
42
25
12
-98
-95
-14
-94
-68
15
-77
-7
-64
27
-78
43
-97
63
-82
11
-69
-47
57
-20
-13
34
-40
-95
5
81
-97
-87
-93
-74
-13
56
29
-1
0
0
-46
-3
-77
0
-76
-28
86
-53
60
-83
32
-38
-86
16
-85
24
-54
82
-64
93
-83
-99
-16
17
26
-55
12
-6
-72
74
82
-60
71
-69
65
29
68
-20
-81
32
72
4
76
-54
-19
73
-61
-37
64
67
-55
-60
-32
-84
31
60
14
-9
-42
-89
17
0
50
-38
84
93
11
-67
-25
75
-30
-51
-33
-74
-23
-87
10
-85
57
-45
-60
-36
-44
-90
-36
81
-61
-6
21
29
-2
-28
-17
34
-49
35
38
-10
19
-28
15
-87
89
-13
0
74
85
59
-58
-18
52
92
74
59
-94
12
55
-14
-44
-30
26
44
82
-50
-45
70
-2
-60
-16
-43
1
-59
-2
51
34
-66
0
-62
23
-16
87
-66
-19
61
-17
-53
91
33
80
-58
-87
-39
-56
46
47
-54
-57
-5
-60
23
-39
82
20
-29
-86
47
43
21
-79
92
27
-36
-87
75
61
69
28
-2
-14
8
93
31
-55
-49
18
-98
3
55
33
-64
40
22
-6
41
0
11
-14
-87
-76
27
-1
22
82
-63
8
98
65
38
31
40
-31
2
28
61
-73
48
-98
-57
-49
-47
-46
-2
-62
-38
71
89
-3
71
11
11
-37
4
29
-9
-49
-69
96
20
-31
65
-28
53
-95
41
-96
-43
-56
-83
23
-78
-7
34
-71
-47
20
16
57
-87
91
88
13
-44
-95
52
-31
-78
99
40
-23
-65
26
73
78
3
-8
-87
-41
41
-60
-3
-4
-90
96
-97
61
-16
99
26
-86
51
-46
0
48
60
57
-61
-78
-33
8
33
28
-2
14
14
-54
-94
-1
32
-97
-88
69
-3
-4
85
23
-32
-72
68
20
-4
-62
86
-73
76
19
-6
-67
66
-7
32
-25
-52
-53
49
-59
92
21
-16
-55
-76
87
38
44
31
-57
1
16
-41
75
62
36
16
40
17
82
-96
25
-74
-99
88
-20
-9
-68
46
-40
9
29
89
21
-10
-46
-87
33
34
-14
54
26
20
32
56
1
52
23
-79
-32
-73
-42
15
-11
97
-7
54
-47
-35
90
46
27
78
49
64
-4
-6
3
-32
72
65
18
23
-39
-15
-81
8
-55
-67
-34
-97
88
-29
0
-57
-9
34
-56
-96
63
-58
39
38
-46
97
-31
-97
24
-89
12
9
2
-99
-26
-10
-92
-77
-55
-1
-37
45
71
-77
78
-57
-87
61
-25
-64
75
-96
-87
23
69
-88
-55
-25
88
41
28
-72
11
76
2
68
44
14
-46
31
-48
-70
-53
15
86
-23
68
62
-46
-42
-43
2
-20
46
9
17
-99
-37
-39
-79
82
45
90
-88
-22
-50
15
68
-56
47
48
89
-21
-14
-20
-16
-65
6
-36
31
-1
23
32
-53
-62
46
-74
35
37
-75
-33
99
-99
-61
-51
88
-19
92
-63
-70
-69
-13
-91
-60
-77
-14
33
0
13
-27
-51
10
4
99
-72
-88
78
9
4
14
97
-75
-10
86
-54
48
72
-64
-42
44
68
-81
11
75
0
76
11
-34
-68
-81
87
88
97
-43
-55
-18
-4
-65
-16
-39
57
94
-62
-78
-24
88
-72
-5
53
-99
27
-36
7
-71
30
-30
35
62
96
-4
-25
6
20
-15
58
59
-81
36
58
-3
4
-35
-75
56
-86
69
-80
36
-50
59
-44
90
-51
97
-35
-68
40
52
59
61
76
-86
89
-68
-94
-13
-35
-24
-47
74
70
69
-30
-10
-69
22
94
47
18
67
34
-73
42
32
-21
37
40
71
-68
26
-34
2
-31
-3
17
70
91
91
78
-58
79
-4
-85
26
-80
48
-41
27
-22
-40
-36
-76
-42
-50
93
-54
18
-13
-33
82
-44
-2
91
-16
-36
36
92
-25
-36
-69
51
-43
96
97
45
-14
-74
-7
-95
-26
-57
53
-92
12
54
37
-47
16
-34
-47
1
83
-38
82
-70
-58
-29
82
-39
-79
0
41
86
-5
2
-2
-38
74
51
35
55
44
-70
63
-98
63
6
-33
91
82
-71
-65
-74
-12
39
-10
24
75
-35
89
96
-24
-28
-63
76
84
66
-18
-42
-88
-68
61
-53
-24
-92
-67
51
18
-61
-2
31
88
-1
-64
20
-54
20
-93
90
28
-71
73
-61
48
2
-40
56
-30
-8
-24
54
-51
-78
-7
-9
77
26
-44
13
13
-16
-81
-47
-52
-3
-75
-37
88
-4
-2
39
73
-6
-34
-6
22
-34
21
-70
-79
43
63
37
-81
-90
-22
29
18
-60
-65
30
2
-75
36
25
-29
74
57
88
-23
-17
-1
30
-10
-21
-44
-83
34
-83
-18
34
44
21
33
9
-18
62
-28
63
-35
-69
-80
-1
-54
-59
-92
52
1
-98
-4
39
-5
95
49
-36
29
-49
-40
-59
-20
-81
-54
-9
-32
-4
0
-12
-80
27
-11
10
-60
-23
-3
-12
59
-99
48
-26
-10
-27
43
-94
54
61
45
-2
-40
11
-22
89
-53
79
55
78
-26
14
87
-5
97
54
-75
-39
-81
21
-42
-29
-67
-55
52
30
-23
-91
0
63
-14
-17
-10
10
-93
32
-18
75
74
92
-94
-78
-85
78
98
24
17
66
-76
55
75
36
62
50
-13
35
-70
10
-36
48
-94
44
-46
-69
-98
4
27
-37
-93
-53
-30
-60
17
67
25
11
-87
-51
4
-32
77
88
-50
44
0
-87
-17
31
-6
-92
62
21
-73
84
-31
-20
75
23
-80
73
-10
20
64
82
-51
-94
55
-88
-22
5
87
46
95
-98
19
42
19
-55
-83
91
79
54
58
-58
23
-9
30
-17
-84
-50
24
26
-47
-8
-36
50
-4
-12
13
-62
-78
-1
33
1
38
39
3
84
35
58
23
61
-9
19
30
67
42
99
77
-24
48
-36
78
31
-13
-62
-33
80
73
84
-35
56
-76
-5
47
50
-62
72
87
22
-96
-85
-2
-96
23
-49
63
-66
30
-9
69
-47
32
70
98
-94
-23
-58
47
-65
62
-78
-93
93
-91
66
-11
-59
-20
73
74
68
80
-71
28
6
-80
10
-59
-79
-90
-45
80
56
-95
-98
-48
94
11
-54
-66
-34
-89
61
-49
68
49
39
-73
50
-81
-69
20
55
-87
71
73
-80
-47
-30
59
52
69
-94
-64
-1
-56
87
-87
-23
80
70
98
87
-15
-33
-39
96
71
13
-21
-39
-75
67
-97
23
87
-37
-28
-52
-72
-49
-65
-20
11
-57
76
67
70
-69
18
-26
-36
23
24
84
-19
-97
36
94
4
35
43
0
-35
-18
63
-66
-54
-64
-46
-91
-72
-16
10
51
-87
-93
-1
35
-17
-53
33
-20
21
-69
-31
41
60
-45
-94
-65
-22
74
-69
-51
-92
35
-70
29
-67
39
84
-92
-66
0
4
-29
65
-71
-7
16
-25
13
4
79
-32
0
-66
8
29
-65
-66
-71
27
-50
66
88
81
-33
-22
-18
50
25
7
-92
84
-24
8
53
-35
7
92
68
6
-39
-84
-21
-98
69
12
-86
-98
-23
87
80
38
-67
36
78
-12
91
62
68
-82
67
92
1
3
-57
-94
77
59
-38
-15
19
52
96
-97
68
-31
-47
23
-55
21
-82
71
41
84
52
31
86
-54
79
-28
-75
-75
-27
64
36
-40
-19
-18
-9
-65
55
-56
-46
99
-42
-56
1
-83
-44
-71
-89
-12
43
-53
1
28
18
-40
-92
0
-34
-43
23
-31
-32
-75
-89
83
-60
14
-74
48
87
21
-2
23
3
-43
73
-10
65
80
36
5
-5
-36
37
-38
22
-26
28
-56
81
-41
-63
-69
25
14
55
68
-3
96
-47
72
-59
16
-2
-72
-52
85
-7
86
-82
61
96
29
9
36
72
-10
-59
-23
-18
-63
38
-42
49
47
65
25
98
-80
-55
22
67
-86
53
-51
-31
51
-64
-83
75
20
-33
-90
37
14
52
9
80
-75
-57
12
-1
-37
26
-5
98
-51
93
50
-81
52
-63
90
-30
52
-68
67
-96
-24
87
89
4
-55
45
-44
64
-27
81
35
58
-55
-99
-85
-21
1
18
85
-41
0
-96
-92
-29
-70
-84
-8
4
-5
77
-80
51
15
92
-4
-58
17
-68
-5
73
77
-60
70
-83
-5
77
-84
4
-99
84
-72
-17
-6
-38
10
-74
73
-16
56
3
-94
-81
84
0
-68
-85
26
95
19
89
-80
-72
-26
-5
-88
24
82
70
43
10
-10
-62
-54
-56
-31
17
80
68
28
-56
45
-39
53
9
-95
67
-98
99
22
-46
-50
94
97
-84
49
-13
-80
-30
-61
68
29
69
42
-26
-49
34
-27
83
-42
64
-64
-49
-9
-54
8
8
-64
-56
-39
-23
-77
23
-52
-87
-25
31
-22
25
76
37
87
-84
-29
90
-5
-42
70
-58
92
12
-62
98
-68
90
-70
91
-74
-83
42
52
-25
34
72
-65
-99
-32
-34
-91
-49
82
-21
-52
-67
44
-99
88
-26
-59
10
95
-18
-93
-43
-69
19
-8
19
68
-58
80
-44
26
-90
-59
-10
17
73
92
-35
81
-89
-84
-36
-41
58
39
-98
11
66
-37
-60
24
-28
-34
-56
40
-15
73
7
-7
57
-29
-84
-76
97
-23
-74
22
81
3
-49
19
20
-43
28
60
82
46
5
37
-23
-53
-81
19
-20
-76
-42
25
-50
94
-2
22
13
-61
6
-74
-19
-78
63
14
83
54
64
-5
-58
24
-33
-14
-76
91
51
18
-23
11
2
-1
-58
-49
95
-99
-66
-93
90
14
76
-23
-52
95
94
79
87
39
30
-22
-66
11
32
82
-37
21
-47
-31
74
-79
-1
-53
53
-11
-76
47
-1
45
-3
-68
-17
85
44
-91
17
-22
90
22
5
15
38
-52
-51
86
-59
7
-66
-47
32
20
-53
66
53
97
-43
-86
-91
-29
-81
-82
-40
91
0
3
-54
24
71
21
35
-51
12
-63
-82
-14
84
-61
57
26
-53
-62
9
-34
-21
90
-20
-43
22
8
54
14
-61
-49
47
66
94
-38
-21
88
-20
-32
-15
-8
85
21
73
0
-8
-43
77
31
-29
3
23
-49
-61
93
83
-1
-63
79
33
-88
66
-26
55
-6
54
63
-19
87
9
17
89
-28
-69
-54
82
45
-71
9
35
93
-52
28
61
-22
-11
44
-54
-87
56
-57
-60
-68
-19
-12
-92
72
11
63
-56
-64
-16
97
-57
-19
12
-63
5
3
65
-91
67
13
44
74
-88
-43
-24
18
-78
29
11
-87
-94
-53
-68
0
35
58
-2
4
43
24
-35
24
-53
-61
-31
63
-45
-40
-5
40
-48
-31
-65
-17
-33
27
17
-45
-46
41
86
-68
-12
73
-76
92
45
-47
-76
-22
30
31
-92
2
-31
-71
-86
4
-4
-83
-83
10
-72
37
69
-74
51
-51
-11
84
61
4
2
-96
31
-78
81
20
-95
31
-64
5
-82
-24
-78
-81
61
6
-90
-64
67
-42
-75
-54
-35
98
-10
-67
-46
68
-41
42
60
0
19
-90
-62
-47
-96
47
-42
46
89
5
-25
74
-5
89
-27
35
-1
-20
12
-53
50
-82
-2
-30
-4
74
-53
-5
-64
87
-72
-97
35
86
30
10
41
-26
-79
65
59
58
62
-32
-18
97
-47
86
81
72
-7
-29
62
-56
30
-37
37
55
25
63
-55
51
-98
33
-71
11
68
59
90
-31
-98
-52
-29
-28
3
89
97
70
80
95
81
30
87
90
30
32
58
26
-39
-47
95
8
-71
83
66
-69
-28
48
65
66
0
16
-91
44
-28
83
-31
87
-73
-64
-48
-27
-85
-68
32
-74
-64
28
-91
18
75
-43
-43
-87
-47
6
99
62
-96
-33
-37
29
26
27
83
-88
49
24
-86
32
62
55
-23
-54
10
-57
82
64
40
32
-61
53
71
72
-71
-16
23
-54
44
-52
-14
-6
80
-53
-11
-94
-96
33
-41
67
19
37
-86
55
88
-11
53
93
44
-2
-45
-45
-69
-92
70
31
-41
-55
47
-94
-30
-23
-19
86
-32
72
-37
60
-24
13
5
23
-58
-63
83
-83
-58
-27
-78
-98
-46
16
11
-54
12
-76
45
57
-90
58
61
-5
36
55
25
19
-61
6
-16
34
63
-60
76
-97
3
-17
17
8
-92
78
42
41
-64
76
-66
-46
-94
47
61
-31
-59
71
-54
-4
35
68
0
26
14
58
33
88
79
95
55
14
-37
91
53
63
-96
68
-62
86
15
-20
-5
-16
-18
87
-56
41
-88
-63
40
11
-78
-93
-16
29
65
-55
-78
-49
-58
7
1
98
31
-5
12
-82
52
17
-49
-64
-26
86
-50
-33
88
32
58
79
-49
-14
12
-82
73
38
96
1
-32
-36
-77
51
-92
47
-13
-4
-7
37
93
53
-1
57
78
86
21
-27
60
-42
88
-86
37
-96
86
91
-32
-20
93
-27
62
14
44
49
-5
-39
-14
11
7
7
-10
-53
-52
-47
40
-91
54
14
-36
7
8
13
32
-14
9
-4
-44
43
54
-37
-25
-43
-87
60
-7
14
-87
18
-38
-92
-58
-21
-86
29
26
-48
38
73
57
-54
-90
-42
40
-39
-15
-92
-87
32
-74
87
-1
-29
74
32
-36
48
-11
-50
13
67
43
74
94
-80
-37
79
17
92
-80
82
75
-43
-86
85
-70
-34
21
-64
-21
-67
91
67
94
-39
-87
4
3
-30
46
-77
81
-98
67
-71
-99
93
-16
-24
-57
-59
-52
14
-37
7
75
72
-7
57
91
24
55
-79
92
-51
-63
66
0
-65
99
69
-45
-19
55
40
-8
45
-1
1
-73
7
2
80
74
58
-52
-58
97
78
4
6
-87
-99
-51
-72
-99
61
-69
-10
85
21
-43
24
26
14
-24
32
37
-88
-79
36
24
-27
3
67
25
16
94
-84
-19
49
-56
21
-65
-80
56
-60
1
-94
-90
32
27
-90
-36
-35
19
52
19
29
95
-28
-32
15
75
-4
44
-73
-22
-77
-2
-55
-3
25
0
-38
-21
-77
19
22
13
-57
-76
-89
72
37
-83
-90
-14
39
-53
-28
95
-19
14
95
80
-67
-63
-88
-45
-17
26
-87
9
-42
48
-11
45
66
-27
-90
-49
-70
87
-79
-37
-25
10
53
-10
-38
93
76
-7
-49
84
37
-48
-83
-52
94
4
-88
84
7
-44
64
-78
56
-63
-93
96
-78
74
-53
-56
41
51
-8
-15
-17
77
-56
-30
-52
-59
82
-5
70
-92
-44
65
-59
49
98
64
-63
19
82
47
87
-83
12
32
4
-36
90
14
-81
-8
-45
5
-55
96
4
-11
90
-8
61
85
65
-59
-48
20
-86
13
46
0
26
38
47
-26
55
83
12
94
-84
61
30
-64
-12
-60
-84
-28
-98
60
60
-34
3
87
-58
0
-66
-37
-14
-72
0
53
-95
-58
75
65
87
-40
86
28
-57
-60
83
76
-68
53
34
-40
-4
-80
36
-68
-74
-15
46
-64
-99
-17
38
21
-21
61
54
22
-53
78
90
14
83
-77
-8
43
-59
20
-7
1
62
85
-37
-4
59
-39
-23
-48
-7
56
-46
-41
8
-16
-56
23
84
73
-90
66
70
-25
-28
55
83
-38
-57
77
-63
43
-80
67
68
30
-6
42
25
-1
-12
81
58
-85
16
-59
-97
-62
3
-9
-17
6
-57
-74
-24
39
-33
83
42
58
-74
-63
-86
12
-62
-73
-43
46
55
-62
65
30
-22
-41
-3
60
90
3
79
-52
-32
-79
-40
-36
15
48
-21
-30
49
92
-91
19
76
-41
76
90
-80
6
-89
-32
-55
-64
-1
0
-46
-82
40
37
77
7
29
11
-43
-1
18
39
76
30
34
-2
-95
55
93
15
2
42
-66
-69
73
13
54
62
-48
-76
78
-11
99
43
-60
-43
92
-25
71
-44
-92
73
-23
-29
35
49
72
9
44
0
45
89
91
-75
-42
6
77
-31
46
-29
-58
-57
-3
-29
19
18
33
-32
32
-1
44
-34
-6
28
-2
79
42
-82
21
-28
87
81
64
-1
-40
-81
-95
20
81
80
63
-14
2
51
-9
38
75
-60
-18
-87
33
-7
5
32
-1
-75
-63
-97
48
20
-99
46
96
-19
15
-25
-76
-20
-40
86
98
-29
-26
5
57
-40
-25
-98
68
-80
-37
-61
-40
32
10
-19
-9
-5
88
-21
-85
65
-96
-64
-60
-53
-80
74
96
-98
68
-81
88
-61
-27
87
23
74
-2
47
-14
-42
98
76
-34
-2
-55
-58
84
-86
59
-93
-28
14
-35
-81
17
69
89
39
-74
39
20
-21
-17
-89
-15
45
-63
-47
-39
63
-59
37
32
5
23
1
-44
-6
-55
-24
-21
-26
-97
-83
58
84
26
-76
-28
92
-15
-18
-19
16
-77
-74
-65
52
6
81
-8
85
-96
51
23
24
-62
88
-41
36
-45
-34
70
-29
-62
-18
-22
-82
90
44
94
79
18
-19
-98
20
-21
68
-12
78
-27
57
-38
25
-50
9
-32
89
71
-99
4
-23
-43
-37
-30
93
-12
80
-23
-48
-89
-18
91
-50
-62
39
-30
-24
-86
-13
15
86
80
-9
65
-72
-80
-78
-65
-61
-48
-59
-31
-55
13
89
-99
87
-1
-2
-62
18
-75
-71
46
40
54
-89
88
-36
14
-95
29
3
17
70
24
88
80
-52
68
74
-19
-7
61
-47
3
52
-1
32
3
54
-48
-81
-18
24
92
-25
-38
-30
17
83
-89
-74
96
-95
64
62
-92
-80
-71
68
-19
28
53
14
-58
8
4
69
67
-29
-40
4
66
44
74
92
-17
-35
11
61
46
-7
-77
-47
-12
-60
-37
73
47
-6
-50
72
-61
-69
41
28
-47
-70
-50
14
-9
24
-11
-84
-57
-56
72
87
-11
92
-17
-18
-19
-11
81
28
-73
78
20
21
11
94
-37
-47
36
-1
-47
-64
17
-18
52
96
-67
-29
-9
37
86
30
-96
-22
-63
10
39
-97
83
38
75
66
72
56
-91
42
58
-35
-5
-18
5
40
23
7
66
71
-96
-88
-68
-44
-77
13
94
53
24
82
73
14
37
6
87
-2
88
-12
54
35
-80
68
-25
81
29
13
-96
-74
-30
-38
-23
-93
-93
-91
-30
11
62
76
81
-51
-3
97
-20
76
93
-67
-74
66
74
-22
-82
44
80
-1
58
63
43
-25
59
14
-99
-92
-59
20
38
-15
-71
-91
-16
-33
-49
21
7
-45
-23
9
61
7
-62
99
67
-82
-49
-67
-69
90
-24
-4
-77
-66
95
-63
60
90
15
40
13
18
76
-8
18
91
-28
98
83
42
-76
-17
-29
33
-6
-62
53
-75
94
-80
-41
-14
-8
49
13
-70
-77
75
-66
65
-79
-25
24
-5
0
-95
85
33
-61
-3
17
12
-29
-52
94
53
-32
88
-14
63
54
79
24
-51
12
-16
-31
47
-62
-51
86
28
-7
-74
-74
19
-57
-61
35
-27
-53
82
55
-33
-64
-6
-17
23
89
-91
-16
-98
46
3
-12
-43
-95
76
38
-79
4
-49
-48
2
-87
-15
-18
44
-77
18
-31
19
24
-11
0
-19
-81
80
8
-3
33
44
1
50
90
20
22
39
2
-46
-70
54
-86
48
62
80
10
-2
-35
-44
-52
-58
-50
-26
-10
95
41
77
22
2
58
-37
-99
-44
5
-32
-78
89
-66
-56
80
82
33
-39
-3
47
-2
-25
79
91
-41
90
5
-92
40
-22
79
97
99
-16
-67
-66
63
-33
-1
74
85
98
90
71
0
88
44
34
91
-10
-4
76
-55
42
41
50
-93
-84
-80
-51
26
22
-49
43
-77
-94
73
-6
-10
14
-56
-72
99
55
29
-90
-88
-60
-52
3
-74
-81
-31
86
14
38
57
34
51
-17
53
-27
-19
-40
-34
53
-41
55
40
-7
-25
55
-65
57
29
88
94
-17
-92
-19
8
-73
-46
99
27
13
-5
-89
27
58
-32
65
-90
89
-16
-29
-85
9
94
-88
3
-11
-98
37
0
-56
96
12
-68
88
-30
85
-99
-31
43
-97
-26
-18
-75
71
-84
48
37
-23
-78
91
-52
71
-25
-43
93
-85
-92
80
49
-18
44
-39
34
-40
-23
17
15
-53
22
2
-98
14
68
97
30
45
48
-62
48
54
-68
59
2
-72
0
-85
-28
23
6
6
-93
-81
98
34
-86
65
-38
-83
-86
-67
-26
46
-82
-36
85
-15
-65
-20
88
-77
-23
69
-50
-44
15
-51
1
49
81
-57
39
-19
-1
19
18
67
-95
52
81
95
29
-6
46
0
-35
4
43
-73
24
-62
87
80
72
61
16
79
-11
-85
-65
86
71
-77
-37
25
22
-20
46
94
-39
-49
59
45
51
36
61
72
-37
-71
-77
-96
28
-54
94
52
-34
-38
28
-49
-85
-2
-90
34
81
60
28
9
60
-67
93
-93
62
49
36
-64
1
-64
-85
-13
7
93
52
-78
-87
89
-8
61
10
59
-77
2
-48
98
-19
-88
-10
38
-74
-89
35
-19
-60
-97
-16
38
24
-43
-75
78
55
-96
-39
-88
43
65
7
-40
-17
23
-74
-29
-49
68
91
76
-27
18
-2
43
-2
-71
20
0
11
-46
68
-13
75
-98
18
5
53
78
-35
28
88
30
-83
-31
-92
36
59
35
-16
94
34
53
38
-64
-70
-38
-50
94
-76
24
-40
-90
-63
74
-69
-61
-34
53
-14
5
51
64
-78
14
-78
-19
91
-51
92
-42
-57
-39
-49
31
-3
-19
-64
89
21
-21
-22
61
-64
49
54
65
-68
93
2
-1
-19
-86
71
49
-49
-42
-41
-4
76
31
-90
-59
60
-46
27
9
-61
18
52
5
-20
67
-89
-15
-30
22
32
-39
-7
-43
88
40
28
-81
87
-91
-80
39
-42
13
49
43
97
-80
-27
0
-19
54
92
-62
-13
-99
-47
24
-30
20
-69
90
-59
29
9
28
-51
73
-89
-64
85
-21
-27
83
-34
65
-36
31
-54
-30
-3
9
-85
-63
-84
55
26
12
32
-47
-76
64
-80
54
27
-18
77
58
64
51
83
-18
-70
91
56
84
83
-15
13
-42
39
93
-53
81
59
66
35
-54
-5
-10
2
89
11
14
-72
66
87
-79
-55
75
-38
-41
85
-23
53
94
-65
40
40
-25
-94
-77
-74
-55
-3
22
97
19
11
38
-33
-81
-2
-56
93
-52
39
-20
80
29
-16
-67
30
-45
3
2
-81
-67
72
59
91
-50
-69
31
47
38
26
77
25
17
96
-96
-74
-91
-8
27
-50
-24
-69
22
60
89
-43
-96
-56
86
-76
-58
-12
-55
-91
-68
4
84
-34
73
89
-94
86
-19
87
83
25
97
-66
55
-23
80
-12
-45
-82
14
-37
4
-54
38
18
84
-43
-68
60
54
-24
-89
-14
-91
33
-32
40
66
-93
65
-12
-98
-88
63
-67
21
-98
-5
-88
-82
-64
14
25
93
73
-73
-83
-27
33
17
49
-37
-80
72
55
58
-26
-10
77
40
-29
-69
-15
69
-54
-6
-64
67
25
0
-67
44
78
86
49
16
-9
-41
56
-77
17
-34
-41
50
-96
3
-95
22
61
-21
-55
87
27
-81
-41
1
98
-24
-67
56
-74
67
-14
76
-17
56
-90
-24
-97
51
-39
59
-94
19
24
36
-33
-29
-97
-38
11
-78
-22
0
13
-65
-46
-67
39
14
19
-78
90
-62
-21
-24
42
92
-27
-69
64
65
53
60
-94
-99
-24
-60
-37
1
43
35
1
32
86
-86
-92
95
-2
98
93
27
-47
-95
29
4
-13
-84
94
-44
-11
-93
-52
-20
61
-56
13
80
-72
44
35
-85
38
-22
-59
-42
-52
-1
29
77
-98
-21
-2
7
-97
76
90
-46
98
-34
-69
54
14
-22
90
-31
-99
-68
64
-72
79
-11
61
-31
50
-63
-12
4
88
-23
90
-97
43
81
75
33
44
51
54
9
-57
-3
39
-27
0
42
16
37
87
-16
35
-71
64
4
35
-32
91
47
-11
-5
97
-9
-99
-6
13
-37
6
31
60
-20
-91
-70
75
-27
52
90
11
-99
6
86
61
-70
-70
-3
-3
28
66
50
95
-39
31
61
-34
-28
99
13
56
-66
36
-44
78
-91
84
-74
-50
56
10
-39
35
3
-29
-80
-64
-63
73
56
-78
-78
-63
-17
-47
-47
35
-82
-54
-25
-96
-28
23
-58
33
-91
11
11
86
99
13
80
10
6
-22
4
-25
47
9
52
-18
-52
-98
-71
19
51
36
27
-92
-61
-16
-44
-17
79
-62
0
-86
-42
59
27
98
86
-97
25
18
86
-92
-21
78
-23
14
-95
-46
59
-34
-39
-78
47
17
-45
0
-91
12
74
64
-46
-19
16
-34
9
24
-81
31
-20
-26
-69
71
29
37
-85
-79
-38
-29
-55
-21
-54
-67
-52
92
-72
-98
79
89
-97
26
82
24
-43
-63
89
81
80
25
64
-35
-42
10
13
-82
50
2
-28
-51
-7
-9
21
-40
-3
-41
-86
-50
94
48
-73
19
-7
-6
20
37
74
2
68
8
31
71
53
-48
38
-64
-5
78
-9
-95
73
50
47
-7
-91
7
21
-56
-71
37
66
-15
-29
-7
62
-59
14
-20
-56
68
10
-81
6
35
0
54
68
-49
-67
-35
77
-82
80
82
59
-83
42
-59
46
78
80
85
-8
-90
82
57
-66
84
96
-12
-48
15
98
58
85
-63
-65
69
26
24
7
-58
2
42
98
51
-38
47
29
-80
18
6
-37
-52
72
-66
57
-37
-75
72
-13
5
-56
92
30
-82
-65
-17
95
46
-12
-4
61
55
13
22
14
-9
16
92
-76
-69
26
71
34
53
-2
86
-51
-56
-45
10
0
91
42
-49
22
-6
76
-35
-68
59
-80
11
62
45
10
-69
-21
-26
73
-70
-94
79
-88
-37
44
44
81
32
55
13
65
-81
-75
28
-14
97
-63
-86
-30
78
28
42
36
-19
-81
43
42
3
83
-49
87
10
-58
84
46
96
-79
93
-66
56
-26
-61
-60
-73
-84
57
-65
-52
-77
-78
-31
-97
-10
-93
10
31
21
-89
77
56
6
-62
78
68
1
41
-3
66
93
48
0
3
92
12
59
-60
-27
-9
-80
-17
-80
-39
-14
53
76
-82
46
26
0
36
-57
-50
-98
91
91
-25
-92
64
88
54
2
6
70
98
-14
60
-26
-75
-78
76
53
-32
-69
-57
-28
-26
-10
4
-52
-41
-83
-51
51
-52
-84
98
-91
50
71
1
98
76
83
-13
25
62
16
-92
41
-9
-10
89
72
62
-12
-3
-81
-85
-8
-68
-43
95
-94
96
-67
-4
54
-49
-46
-83
-71
-71
17
95
-27
-53
-19
25
10
10
-69
93
80
-70
38
-1
46
37
-23
72
-78
48
-61
98
-56
94
66
-92
-8
-84
6
-40
62
61
59
53
-74
-62
-79
44
86
-54
-59
21
-64
95
-5
50
63
-69
-22
9
-4
22
1
99
73
-83
61
4
-54
-51
27
27
-30
88
-79
-93
65
73
9
-72
74
-30
83
84
83
76
27
-92
-33
-91
31
53
4
31
-41
78
20
11
98
-78
-31
-39
52
-89
20
28
-96
40
4
-23
-66
-19
48
-88
-32
-89
11
98
-19
7
-96
73
10
72
27
-42
-69
-86
-64
-16
-79
13
-3
58
-24
98
98
76
74
-59
14
90
1
62
-14
61
-95
-72
-89
96
-75
61
33
-19
60
38
52
13
-20
-83
-52
63
-66
-49
-98
57
85
44
83
-4
42
-53
45
95
-56
8
-67
49
-50
48
-6
38
-9
-15
76
38
2
-32
69
-57
-76
-26
-98
76
83
94
48
41
-73
-84
58
84
-99
-90
63
90
58
-43
50
34
-85
-66
81
60
-26
92
-23
17
-74
71
-72
59
33
-66
-42
-65
21
-86
-89
0
3
35
-77
-59
44
64
-3
-41
-88
82
98
-23
58
-73
19
77
75
72
-43
5
48
-31
-72
-81
13
-74
-40
15
18
12
-74
20
-23
80
-82
74
37
-23
95
-77
-34
68
97
-99
34
82
36
63
-71
-46
32
96
82
-2
93
-10
54
74
-65
-21
80
-72
-76
56
0
-72
8
52
-7
-97
96
-42
13
-85
21
-11
35
-35
-55
-42
-45
-1
-68
-88
-65
19
2
-14
79
-83
43
74
93
-17
78
34
54
-18
34
9
33
82
85
17
-77
-35
-49
-96
21
-16
-17
-48
44
-95
59
93
-58
77
-70
-42
-32
98
-71
4
87
55
75
-6
-3
64
-15
70
26
-40
-79
-61
-84
-63
40
-86
56
33
83
83
-16
45
-38
-8
52
-93
-78
-49
72
-47
28
-97
-69
-53
73
-99
-94
97
19
-96
37
-29
64
-40
66
70
33
-87
95
-97
54
-12
66
80
-34
20
-98
-65
91
-86
-72
-10
-10
31
-92
96
66
91
-95
49
92
90
-95
-58
-7
20
-57
90
-80
-76
58
35
-17
-72
-25
-91
72
-2
61
32
-71
-89
-43
-82
38
-93
49
-90
65
20
9
-66
-22
33
-79
-55
-82
-61
95
-26
-74
96
-96
-61
43
86
-75
41
-43
88
-3
-69
1
10
-99
19
53
11
16
-55
92
40
49
87
73
9
41
87
80
-29
-2
-25
-11
-99
-17
72
57
-87
43
-97
-78
23
8
-17
8
23
-12
-39
-71
74
98
-95
-23
-10
-3
-25
-54
7
32
-13
0
39
52
61
42
80
-54
-41
-31
-44
-23
4
-63
-71
-43
70
-71
-51
86
21
43
-42
-75
60
27
-52
57
-99
-16
21
-95
10
9
41
88
57
-42
-50
-57
-29
-28
-64
88
-54
63
-29
31
21
19
35
85
-98
-91
2
-31
0
62
16
-60
33
62
-61
-97
33
54
-50
-89
-54
0
-74
60
-32
67
-15
40
-18
93
-95
-99
-77
-72
28
-28
32
-43
84
-23
0
79
-62
91
42
27
-14
67
73
6
10
2
13
-40
-27
-77
31
-39
-51
-74
-58
-30
-69
-93
57
52
10
-98
-91
-6
-20
2
24
5
-77
50
54
-9
-82
-80
-8
30
19
21
98
91
20
74
-86
-95
34
54
-59
-7
3
-47
30
-36
35
32
-3
-76
-69
93
-86
-91
-86
92
77
71
-73
21
-70
11
65
29
20
92
14
28
-1
-97
-45
48
-64
66
-90
89
37
57
50
-4
-12
16
15
21
36
98
-43
74
6
55
-25
-1
7
45
-91
-45
70
-34
32
-29
55
-73
-32
-89
-32
-34
39
-71
-21
-74
-70
83
-81
30
-91
-51
52
6
10
85
-8
34
-97
31
-89
27
-9
-53
10
-47
47
4
81
-68
23
91
-67
39
-46
78
-8
-96
-65
22
-10
-22
-71
54
-89
2
88
36
53
83
-64
29
-80
-92
89
-63
-59
52
-53
42
-83
63
19
-18
-43
-91
-25
1
18
78
24
-57
-85
-31
-76
-6
-64
26
-2
-20
-52
33
-53
-76
21
-83
85
-58
-71
29
50
-58
7
-9
-66
31
68
31
20
98
-10
-83
-16
77
-58
91
34
27
5
53
-50
14
25
-13
-20
-45
98
3
-4
52
-22
-42
-35
91
-73
-78
90
43
97
88
-29
-70
71
75
36
-47
-99
35
41
36
57
-54
-67
-58
-70
99
-41
-89
74
-25
-2
82
-96
78
-76
16
95
36
-61
30
17
10
-51
9
-72
-46
98
-30
39
20
76
-5
-35
82
39
76
32
16
18
-58
8
76
47
73
-80
-65
67
-92
-59
15
-27
96
36
41
43
57
54
42
2
32
-4
-78
-79
5
28
89
52
26
-86
-41
84
50
73
-18
-12
11
11
54
-31
-89
-36
25
-20
67
44
-88
-79
-43
-85
82
94
34
7
0
-15
28
59
-35
-62
-50
-61
83
-52
77
-57
-68
94
24
-74
50
81
33
-16
87
46
46
-99
-63
37
99
-71
57
-66
49
-72
91
-83
53
-17
-91
78
87
-57
-65
42
65
46
-68
19
35
65
-91
-73
59
51
82
-17
-5
-18
0
40
94
-11
-34
-70
5
26
59
38
91
22
-62
-19
-88
-1
46
-18
37
7
49
51
0
68
-24
-70
-13
-9
-62
58
-2
-95
82
-48
24
-62
-37
-78
72
-57
-43
28
-32
79
-74
21
74
-44
62
-86
29
-43
-16
13
-93
-22
-42
-41
-85
-57
93
-60
-2
-62
28
-73
76
-20
0
-38
-46
-50
48
98
39
85
38
3
-33
74
-42
-25
-73
-47
70
55
-73
66
54
-68
-62
19
0
-19
-67
27
-67
-56
80
85
84
17
76
-71
99
93
-37
81
41
47
95
-98
89
61
87
1
45
99
-15
26
87
-34
-53
-44
39
85
-78
16
-81
-83
-56
96
67
34
2
80
-66
-94
85
-28
-9
56
-97
-55
-73
53
42
16
1
-91
-84
-19
-95
-23
-72
17
-25
43
89
-6
94
88
-42
-50
-11
-35
-48
-36
-79
4
46
88
43
37
31
-26
-63
-1
-23
-58
44
31
-2
-54
-73
45
63
-6
-4
-76
-93
-69
-59
-47
21
-29
2
74
44
-95
12
-96
-56
98
-21
55
-18
-17
-95
-63
-48
-67
62
37
-97
87
-49
70
67
-10
-15
-81
-14
-31
58
29
-83
-23
8
29
98
93
-2
33
-51
34
-65
20
-31
55
-64
46
-15
-25
3
73
-96
-79
-30
-4
46
-62
36
50
-57
-67
-23
-23
17
10
-93
84
-24
18
67
-58
86
-19
-9
10
-44
-75
37
-6
-32
-43
-19
-59
98
-38
-88
-7
88
59
-96
-90
-22
-64
-55
25
3
-78
-24
24
-25
-75
35
97
13
-7
9
40
-25
-49
52
-31
90
7
-38
-79
-65
72
40
-71
-46
21
-60
83
-9
82
5
-49
-29
11
45
20
-76
82
-9
-29
-58
96
13
-95
-78
-15
-24
-27
91
61
96
7
99
-94
10
37
-96
-48
93
-4
-3
-60
-10
96
28
-74
33
49
51
-92
10
-95
2
-16
61
-41
37
-34
34
-25
9
26
-51
-36
94
76
86
15
-12
86
97
-71
2
-32
-86
35
19
91
20
50
9
-2
27
-41
-64
81
-32
-68
-88
-94
39
-25
59
-44
53
31
61
67
-96
74
-98
-6
27
88
15
74
10
-90
-68
14
63
-3
80
-96
17
-20
20
-78
-75
94
-22
-72
-84
47
44
17
39
23
-3
-18
8
-98
92
34
21
-25
78
-55
97
-13
-83
9
73
2
93
37
-22
78
-6
92
-44
50
43
59
62
-28
-96
-34
12
-48
-85
50
-80
-18
-52
51
12
87
10
-84
56
-48
61
-66
45
6
-96
-25
31
-61
84
11
-72
70
95
-46
79
-89
82
74
49
-11
49
37
-30
45
-53
58
19
75
-73
4
44
-29
-65
-77
58
31
82
-38
-10
58
29
87
16
-20
-19
-62
9
40
15
99
-45
-54
26
32
-62
91
-13
-95
49
38
-49
9
1
-24
-78
0
-42
47
-17
-33
68
66
59
-10
-78
-97
-51
-45
-13
-48
30
59
16
-4
-99
-96
32
-80
-81
-97
-36
-67
-39
-7
-11
44
-76
-16
-65
-69
-73
20
3
82
-99
29
51
-87
-25
-49
83
-6
36
31
-63
51
81
56
-71
-35
-84
22
50
75
80
-91
4
41
12
88
80
7
81
92
-99
90
67
-38
8
-64
-51
75
61
77
18
29
41
-22
42
0
-68
17
0
-46
-79
-79
-39
20
-82
61
27
75
33
50
41
33
30
57
98
32
23
12
47
27
-35
97
-99
-94
-41
-91
-53
41
63
-92
-28
10
92
38
89
68
-26
32
15
43
18
80
-9
0
-67
14
31
-10
-82
-6
-76
85
-44
11
26
24
80
7
52
50
-64
-74
25
-83
-11
26
-18
-60
-3
21
61
96
-46
53
20
-49
-72
-6
52
-5
-25
-70
-32
-27
59
-96
32
-1
94
36
63
64
55
66
-11
43
41
-13
53
63
-24
-14
-88
46
-39
87
-38
37
4
34
-25
-8
-52
34
-11
64
90
3
-58
61
-2
75
-19
12
29
-58
-61
92
-49
33
2
47
53
-90
-42
84
-45
23
-39
-82
-12
16
96
41
-27
-53
-66
-98
-42
-65
-54
-43
88
94
54
-18
88
-63
93
-79
48
77
-10
62
-69
-13
-85
-31
-1
61
-4
-99
-73
13
-17
-11
-18
12
-9
8
46
-61
-39
68
36
-8
56
75
-1
29
-75
11
1
-23
3
48
31
84
34
-61
-70
31
20
32
22
60
-12
52
40
-34
-80
-72
-59
76
37
5
16
86
-83
24
-80
-44
-77
-42
-22
-94
-39
-50
-41
23
-32
16
92
-88
87
11
-84
46
-89
13
-20
52
-35
-9
-73
74
34
38
69
-59
-64
-72
96
-82
-62
-2
37
93
-87
-1
4
27
-36
-98
58
15
62
76
-60
-92
-54
-54
48
-83
-55
-82
16
17
-4
-43
-37
-63
-66
15
17
-27
2
-42
-63
-61
-34
46
77
80
-6
-27
65
-36
-98
-39
-89
-48
-70
-9
7
88
29
19
42
-53
51
-60
0
11
20
54
-6
98
-75
-78
99
-46
97
69
-69
59
-60
67
-90
99
-30
-44
-61
-12
3
73
-54
-63
6
19
49
-64
60
-80
62
36
-91
14
-73
-55
23
-49
85
16
-75
-71
-33
-97
83
19
42
13
-22
33
-55
14
9
31
3
-17
17
-56
94
-95
-24
-83
88
49
-28
86
-40
55
4
-34
72
92
87
-76
30
-37
-63
47
-60
-31
-87
-10
23
-57
62
76
-63
50
-30
-97
18
-3
-40
94
-54
29
42
-48
-60
-99
-51
-80
98
-4
61
40
74
-17
-13
43
-79
16
-60
-72
21
11
39
-8
13
42
74
59
-51
60
4
38
21
-53
-58
79
33
39
1
80
8
-34
-33
23
43
-81
16
8
-65
69
53
39
82
-35
-76
33
17
10
94
-36
-50
-40
-98
18
-48
-23
-28
47
15
36
-3
4
27
-78
-65
21
-52
71
29
3
-68
81
-41
80
-6
-61
54
74
-91
3
43
-6
-49
-21
25
8
-10
-64
-16
-6
-89
-80
96
72
-51
99
87
-93
-50
-85
2
-18
-19
1
59
10
3
26
-90
-73
40
83
-40
-28
98
69
89
25
40
-79
99
-21
-99
55
15
44
-83
60
92
18
30
2
-49
-89
-67
-62
-3
63
-64
50
-75
90
-73
-51
-5
-46
-19
12
-30
-2
62
-2
-61
97
69
-9
-79
0
-7
23
-29
63
-74
25
-84
-36
-19
-38
-47
-58
58
80
51
77
83
93
-76
51
-44
-72
-24
64
-17
-19
-78
3
30
-19
-31
53
61
67
-18
80
49
22
-49
-28
62
-15
19
13
25
96
73
-98
-24
-26
-61
86
-28
37
34
53
60
-29
-82
-91
39
-62
-25
29
79
-54
78
45
-68
47
-18
-93
-6
18
82
-98
73
-75
3
-57
-92
-35
-18
86
-21
-68
31
45
82
77
24
-16
1
5
43
82
75
-19
-14
40
-69
-73
58
8
-17
73
-32
-14
-90
-84
-15
-71
-90
-87
21
93
-92
-91
86
91
-73
-21
2
-62
3
43
13
42
-73
84
-1
14
-66
90
72
-59
70
78
-47
17
57
-23
-70
83
-36
58
-78
-3
-42
-27
-88
52
16
-99
-63
2
-79
0
5
-43
77
27
61
22
-19
95
-63
-16
12
-30
-7
44
-52
-10
7
1
-28
-88
70
-73
-76
39
-41
-62
28
-74
-76
48
70
-41
-12
-6
-26
94
43
60
-68
81
87
-1
-36
-42
89
-69
-19
35
-12
-79
-37
80
-21
83
3
-20
81
57
39
52
22
69
62
39
-47
-81
89
-43
75
-4
-2
25
-86
-58
-73
-70
-1
-40
-43
-62
-52
87
-89
25
56
-39
-92
-48
-29
-30
3
76
56
89
44
-6
-57
-7
-33
-43
-6
47
-31
-93
-80
21
53
-85
-40
-49
22
45
71
96
57
6
71
99
-83
50
-24
73
-39
90
-17
94
34
86
-93
34
69
-54
62
-40
99
8
-10
61
94
-93
-82
-96
90
79
61
-3
-42
99
73
-74
-10
47
-15
-50
58
96
-85
49
31
-55
4
-23
12
86
-50
-49
1
1
-15
65
-89
-37
-80
45
83
-31
4
-5
-24
-21
19
13
10
63
51
-42
52
-63
44
-79
-74
45
-65
-66
84
37
-6
-82
45
18
51
84
18
-3
-70
-21
-57
26
-29
61
-52
1
14
44
-13
43
44
86
-26
-5
-36
32
85
-79
74
-62
-8
46
14
-4
89
-92
-24
-35
-73
-69
47
-73
-59
97
9
32
1
50
69
54
56
-26
-39
10
-28
75
93
-68
-1
-81
-34
-59
51
-35
85
-61
-84
-68
-79
-53
-30
16
-79
89
64
91
-27
-22
-18
-78
89
51
26
-68
-99
-46
-16
-96
59
99
49
84
-27
30
-24
67
78
23
-53
85
22
75
16
-40
-46
-38
66
67
-30
-14
99
-25
19
51
94
-64
21
74
-83
79
-66
37
75
-60
65
35
46
8
81
-75
17
-8
30
-52
96
38
68
70
74
47
-77
-21
-5
-94
8
-38
80
85
-2
74
34
44
-22
-58
69
73
56
38
68
92
10
92
-38
58
15
-4
-61
-6
-42
-59
73
24
33
60
-68
44
84
27
-94
-69
-93
-42
-15
-52
72
2
89
-49
-2
-62
-52
-67
73
-88
-57
-27
97
-81
24
76
-4
36
54
89
68
-71
57
7
57
-91
14
61
7
-89
99
-95
-52
89
-73
58
7
0
35
94
-85
83
-38
12
-9
-2
-91
-76
-19
93
19
38
-70
18
-97
69
-81
-93
41
-54
-8
-76
27
72
-38
93
49
-83
-55
90
-48
10
-26
24
-54
53
-25
-27
11
52
56
-18
-18
-9
-75
15
61
74
46
58
43
-5
-28
-39
19
-86
39
-60
-28
56
51
-40
56
69
-7
-44
-56
-69
4
80
-21
51
-45
-38
75
13
-40
-30
-56
-38
24
18
-24
80
-18
37
19
17
-50
46
-11
47
13
-46
-55
83
-6
-13
69
97
92
-41
16
-77
-69
-93
10
17
-87
36
-2
86
31
30
-66
98
37
-70
-65
-95
-44
-64
20
39
22
-57
60
-36
-11
-37
-75
-93
-20
-85
-14
84
-46
-80
56
-41
-90
85
88
-72
-3
8
68
24
-55
-13
24
0
54
-55
6
67
-85
-8
-72
-93
-30
-45
27
33
-58
-6
28
-55
31
-30
-65
24
28
-25
-9
6
63
-43
49
11
-72
41
-58
11
62
-16
-51
-48
-65
45
51
-88
14
-27
-71
9
88
-40
9
-81
90
-97
82
56
-63
-83
-11
39
-95
15
68
70
-59
84
20
-82
11
72
-7
-3
73
3
-50
94
2
-8
-47
-98
75
-50
-57
2
12
-35
32
-64
-9
74
68
-97
64
1
90
99
-46
45
97
-72
-1
62
76
59
56
28
0
1
0
-17
48
24
54
-96
-1
25
15
-38
-36
-61
-95
98
-13
-7
18
65
61
-31
-10
-81
82
-94
-83
19
-77
33
99
-36
-95
72
-79
-89
-72
-89
3
86
-34
6
57
65
45
-47
-21
53
15
-54
97
-93
81
36
-98
-52
33
45
94
90
-63
-16
-77
13
3
23
-24
11
-25
-45
20
93
96
42
45
-66
15
25
6
81
-39
53
48
-97
41
-1
-27
95
-43
-22
-77
-61
-56
96
50
28
-35
82
21
24
-18
-32
65
-30
10
76
10
38
39
84
2
10
65
70
-51
0
-54
47
-34
-63
59
51
-13
-76
-1
-41
38
42
51
-58
87
-56
27
-15
-37
-80
-38
96
9
81
94
-86
-91
64
29
-43
77
-19
27
16
31
-27
-13
-41
-38
36
80
-18
-80
-64
72
72
-88
-1
-79
-23
95
-56
99
87
25
-17
9
-24
-43
60
79
-82
0
-63
19
22
-51
78
68
82
35
27
23
-66
24
-14
-98
38
-13
-81
50
29
1
8
8
15
-59
14
-9
-97
7
-76
-87
-61
27
-96
77
77
-84
41
-69
-31
66
29
-44
88
4
-41
74
-83
-4
53
-52
45
57
-11
-47
67
-24
-7
23
81
-7
0
-9
-59
87
-3
96
58
63
-51
-74
28
-10
98
-79
-67
0
-30
-5
3
35
-76
47
59
40
80
-28
-42
96
75
-13
-88
-78
29
90
64
-76
74
39
33
-45
84
-95
83
15
-54
78
10
-4
76
47
-7
-5
-67
61
-82
-45
29
24
8
35
-72
46
50
23
56
-42
24
75
-58
97
93
59
-88
-75
-71
31
-37
-78
-77
20
50
50
7
74
35
-15
72
5
-20
-49
-12
57
71
28
-10
-36
89
90
89
-38
-74
-43
-95
-15
-45
34
42
-50
-59
77
34
-64
-92
99
0
89
86
-12
36
94
-89
-52
-96
86
24
53
83
90
58
51
63
-58
-50
-21
98
33
97
-88
54
16
53
-97
45
-68
67
-53
-9
-2
75
24
38
-70
-33
-16
27
13
64
52
-13
54
-86
29
-20
8
-21
54
-69
95
-82
32
60
94
-33
-64
79
40
-82
-23
59
64
65
73
28
-21
-51
94
-91
91
-98
-58
-24
-36
-85
-44
20
-49
50
-94
65
-93
39
-17
1
-2
99
69
-20
-56
37
-8
98
95
-49
-18
-70
80
-33
45
-11
-81
1
-28
-40
-31
80
-42
-19
7
-61
-38
-53
-27
-34
7
-81
42
-23
-82
-21
-42
-28
-53
15
-50
50
70
32
90
47
-84
-47
47
-6
29
-20
90
-77
-61
-97
46
-92
44
56
-7
27
78
43
-69
19
-9
52
96
-78
-78
-45
88
43
-50
51
-9
-22
95
13
-70
32
-83
0
-62
35
-53
48
94
-32
-32
-27
52
-3
21
7
-15
99
-19
-17
55
-35
52
-98
-68
-5
-73
93
-36
-4
-47
-16
-82
-34
-70
-55
71
17
42
19
39
7
-10
51
84
86
43
-41
-8
-18
-23
-56
23
0
89
-78
-78
83
-6
-74
-55
-21
-12
-77
-26
-57
71
65
-16
-87
-65
-63
-30
1
52
14
46
-79
-60
96
77
21
88
-86
67
-85
-29
-44
0
0
53
-30
-97
8
-59
-49
-33
10
6
65
68
26
-37
22
-83
68
-93
70
12
-71
-67
-48
98
-7
-85
72
-63
39
-2
-18
75
-1
-56
-67
77
-64
-84
10
-1
-25
50
11
66
-69
11
78
43
71
58
2
-35
-85
-23
-77
36
-12
-19
-31
60
97
96
56
8
-81
12
91
-39
-71
-91
-14
-67
-5
56
-18
-76
-26
32
78
14
-13
-84
-11
11
3
46
-8
-78
-15
39
-71
50
98
-10
-70
0
-25
-89
70
-16
-69
-15
20
25
-81
-57
-74
-94
-1
-62
60
32
64
-42
9
87
-1
-46
-48
23
-53
88
-79
-69
46
98
-15
-97
42
67
-9
55
-66
65
85
-81
-32
-46
-7
99
-50
-91
93
28
-86
47
13
-19
-77
-20
7
-3
-95
17
-26
-24
21
75
42
-10
-6
6
31
-30
-74
-14
-90
77
21
-78
30
-59
-58
-76
45
-8
43
-65
-32
-51
-4
-68
37
93
-7
28
79
66
-79
-75
87
-13
68
-99
26
-23
96
69
41
68
-84
25
4
-56
87
84
-26
-7
-51
-13
-33
-37
-13
-62
10
94
31
67
-90
-24
-52
10
39
75
-38
8
22
65
-56
97
74
91
2
44
-70
-80
-12
-82
-55
-77
94
-7
-54
62
-40
-73
-9
-84
97
50
-87
-19
8
47
-31
72
9
17
-65
79
83
87
84
-20
93
56
-39
89
-9
39
95
57
-74
-21
-54
-47
14
81
-81
-81
81
16
70
73
-40
69
34
-69
69
-49
-97
15
43
13
90
17
69
-97
7
-55
-25
-59
-69
46
-5
21
-65
81
81
-91
77
-46
-80
24
-49
-62
29
78
25
-23
34
-85
-38
-78
-59
33
-94
24
67
-70
8
7
-45
5
63
8
33
55
-54
48
-19
78
80
-99
-77
89
85
49
1
-39
60
-26
-48
-3
-42
-89
-11
-72
55
-61
35
47
96
-75
20
39
37
-63
-15
41
67
60
34
-39
-34
-35
45
-22
-80
10
-61
67
-19
-31
-99
-76
1
48
29
94
63
82
-40
-16
20
42
-5
-89
-57
-37
60
-12
-71
-19
38
-92
39
61
98
-86
30
-85
-60
-95
59
-25
16
15
-22
-4
-10
34
-53
-57
-72
5
63
85
55
46
-77
20
52
91
-63
93
20
-8
-55
34
95
11
75
96
-21
-55
-37
47
48
-68
-58
7
-42
-68
-58
-84
4
68
-85
-44
-43
43
-57
-86
-3
-15
-24
39
-82
66
-5
97
-5
74
-30
45
63
-60
97
-22
7
-45
-24
-18
67
-87
-28
-6
-24
92
-42
-1
15
16
22
2
68
-20
-87
-88
-25
36
91
-28
71
-76
80
79
8
-76
46
-69
-71
-51
-53
-39
13
81
-53
37
-45
-2
-82
79
54
58
11
-7
-27
-29
26
-51
-84
-94
-14
27
21
50
63
-55
-77
-83
58
-50
2
-38
80
21
-89
19
-65
-27
-57
11
-67
75
6
96
-22
59
-20
54
74
-18
24
22
98
-26
-76
-97
-3
-65
8
50
-46
-83
28
-37
79
51
-69
8
2
27
25
70
85
-51
96
-62
82
99
83
-22
38
41
40
-92
-84
-89
38
62
-16
70
-61
-89
-48
39
25
52
35
-87
-50
-65
45
32
-64
76
67
55
-70
82
-31
47
-96
-52
35
15
35
32
-63
-57
-72
65
-88
23
-4
32
-19
-28
-38
93
-46
89
20
-3
78
4
-15
-73
-46
-61
-18
-82
83
-34
73
-97
-45
-95
-48
43
-56
25
26
-99
0
-38
-56
-29
70
96
-70
-97
-46
38
81
-34
95
14
-60
-18
57
-69
35
-43
58
-88
-49
84
29
-55
84
37
-53
36
-26
18
56
75
-26
-76
-58
42
20
-93
-89
1
69
91
-16
10
46
-6
-83
-79
75
79
84
21
-87
-62
-20
-22
86
55
71
96
73
31
-37
85
-40
-33
-94
-51
94
2
-62
-7
0
-73
-2
16
93
-49
99
-34
-26
12
-91
-63
64
-75
96
46
-98
-92
37
7
-95
61
-28
-97
79
7
77
-53
78
-42
93
-60
-18
-88
-85
91
-71
30
-68
44
-65
56
-25
-27
50
33
-19
-63
-26
-74
70
59
-63
-60
-10
-9
19
74
71
90
-92
-32
-27
99
-80
-10
36
-67
48
-5
-33
39
41
-51
0
-98
-76
-23
47
-35
-16
3
-96
-96
62
89
0
-54
-91
78
47
-51
25
56
-59
56
76
32
47
-50
83
31
-33
-70
14
85
4
-40
61
-42
-68
-82
28
-45
13
4
-22
-64
-71
21
-55
-74
7
-80
9
-30
95
54
22
-44
-43
60
14
-34
-58
30
20
19
62
-31
0
-6
32
-48
-63
35
-2
57
40
3
32
25
97
-30
-70
-30
-94
30
4
60
-20
83
70
-96
12
1
-57
78
26
-67
39
53
-79
34
-18
79
50
47
20
-95
44
-98
