10000
-61
16
-56
98
-71
-78
50
-64
-25
-48
88
-15
59
94
-21
-20
-27
30
23
-61
-83
-39
40
97
-62
-79
-99
-44
36
-38
-27
67
-37
-16
-50
-78
45
97
-60
-84
21
-69
77
50
-57
65
-13
-1
-26
-82
-11
15
-84
-8
44
28
1
15
20
97
-91
-42
35
66
20
-49
98
-10
48
44
-12
18
36
-93
37
-88
26
89
-48
5
-9
-55
90
-26
-25
-82
-59
-11
10
-27
-24
-58
84
75
-28
86
-91
76
-85
-57
-69
4
-87
-45
-36
-33
-27
72
-27
98
-85
-23
-75
-99
-4
-28
-42
40
-25
-90
-27
88
-46
-84
-23
-95
-95
-52
95
-57
7
-86
71
11
68
62
13
93
-13
57
-52
97
-9
23
62
-15
0
-27
-45
-7
-84
42
-66
45
16
-69
63
38
21
-79
-5
-63
38
-26
92
51
-86
76
95
-45
-18
-96
34
-10
21
-73
-50
-74
-11
97
-5
36
87
-13
78
-86
67
-9
50
-83
42
-97
34
-14
92
80
-84
-58
-41
-66
56
-1
39
63
-56
26
-27
-29
93
-25
17
-34
32
-66
59
54
88
-1
-99
92
31
48
-67
-3
21
-45
95
-72
-8
-50
-69
-47
-84
15
16
45
37
1
-77
83
23
41
-64
18
-34
16
76
32
-49
-69
-71
-54
-21
99
22
-21
-14
-24
45
94
-24
-55
51
84
70
-21
10
-79
13
0
47
96
62
35
-16
7
-10
79
43
-97
28
14
8
-1
91
-5
-44
-17
31
-82
99
73
-53
17
-76
-34
69
47
30
-7
62
-32
69
-82
-33
86
80
-82
4
92
63
-12
34
-94
-45
12
84
33
95
34
-68
37
91
-7
-68
-79
33
0
43
-60
15
88
68
-73
84
-47
73
-87
-42
-43
-4
90
33
-28
11
-59
-92
-44
13
29
56
67
58
-75
-65
-67
-49
95
0
10
-56
-55
-42
13
5
57
18
-50
-32
-55
37
-2
99
-59
35
21
18
11
21
77
-47
-72
98
30
-71
-44
90
2
-38
-42
73
97
53
-79
-38
94
-58
21
68
-8
82
-41
60
63
-93
-37
1
22
-73
-50
-61
-36
-39
-48
20
8
-65
81
-43
85
89
73
-29
-52
-92
82
22
63
39
-10
5
23
-37
-35
-57
15
-78
-91
-99
24
-44
-73
-73
22
-56
-4
-77
3
30
77
-70
27
75
94
-71
27
48
91
18
80
25
-94
-20
-36
-34
-72
-85
75
-69
-94
78
42
91
18
37
-99
-44
-61
53
-76
-82
-21
44
-69
30
-28
37
-77
-58
-12
51
33
47
95
48
-89
46
31
46
33
-81
31
91
-88
-64
-12
98
-44
66
-6
-17
-14
-32
-22
-59
6
22
-80
59
-50
92
74
-87
36
88
-23
67
94
64
-44
79
-95
77
71
43
21
42
27
80
-92
5
6
-10
36
-49
-80
50
22
21
61
85
-87
-76
-70
13
-22
-94
-57
41
-83
91
-5
-3
67
45
-10
-57
19
-36
86
47
6
-38
-2
-5
-5
65
-65
-8
-63
89
16
72
58
67
87
2
-69
-98
-82
-85
80
-82
-70
59
12
-30
-67
7
-38
43
-50
-90
-42
71
17
36
49
59
-77
-26
-92
-60
-99
-56
-22
11
-53
-39
-28
-90
8
-51
95
-29
-6
89
-25
-21
89
-50
-32
69
75
30
41
97
-50
41
-85
15
42
87
60
1
-22
61
94
4
38
-36
-7
-21
-12
47
29
-38
8
82
76
27
-10
-26
-38
54
96
10
72
23
-94
63
-17
9
-35
-14
-14
-46
-33
91
5
-32
95
10
31
35
14
87
-46
53
69
-29
-66
-69
33
15
-19
-94
-68
-88
-5
-44
-10
-85
26
80
92
38
-15
-65
-90
29
-72
-97
2
0
57
-63
-12
-59
-87
-61
2
83
-50
24
-3
-63
9
-87
-41
81
-40
-97
-64
-32
42
-83
32
69
-71
-86
-86
-83
-2
34
-86
23
-65
84
34
-55
35
82
57
-54
44
44
81
-65
-11
-60
-92
34
23
73
58
-43
3
92
-72
-73
-14
-17
-63
-5
-77
41
54
-29
-34
-28
-68
-98
-84
-70
7
-65
97
-19
74
55
-46
-81
6
41
57
11
55
-75
-58
36
50
93
-83
45
74
-18
-94
0
88
-52
-81
41
92
48
-53
-46
-55
95
4
77
8
-36
-90
82
-26
54
69
75
51
-70
-66
17
-44
91
-69
5
52
-71
-31
33
-49
-87
12
-35
8
-34
-17
-15
-68
59
62
43
-87
82
56
-3
33
19
-14
-78
60
82
12
74
91
-52
-21
-74
-18
-66
-96
59
77
66
12
70
-5
-69
39
25
-63
95
-29
47
33
-6
-36
-15
39
13
-60
56
18
-36
72
98
2
-53
25
-17
-40
-41
57
17
-94
97
62
-84
-18
66
45
8
-58
57
-81
-42
-18
-18
76
-41
-15
78
9
81
-35
68
42
-11
72
-62
-20
-1
-73
-10
-29
1
10
18
-10
64
-23
71
-36
68
-92
-95
-80
-54
71
74
-47
60
-71
-14
-10
60
-95
-2
11
88
94
0
34
-5
-60
51
7
-33
23
-28
53
-46
-86
-17
29
21
47
-74
-37
-18
-71
92
-74
-24
-92
-54
18
50
90
-18
-47
2
94
86
9
-57
-69
20
43
-35
-19
-63
63
-54
-56
-96
68
92
4
-9
-25
2
18
66
-77
-32
79
51
25
31
79
-55
-36
11
62
-19
64
36
60
30
-55
58
0
81
77
-90
-18
-15
93
41
58
79
-12
-31
-43
68
13
-28
41
45
51
85
-60
35
82
-88
-65
-63
-4
-60
56
4
-59
-55
63
9
-79
-1
-71
-21
16
20
68
80
-99
30
88
80
48
62
43
-70
-41
88
89
-62
-81
12
-19
73
15
71
85
-25
79
80
45
43
-57
-60
-80
0
74
21
2
-76
-80
-72
-64
-62
41
80
-39
-24
-91
-37
98
96
22
-18
-60
95
99
83
27
5
39
-68
-77
41
-54
-91
53
-50
-59
-67
82
92
15
45
-74
93
-63
20
-64
-6
-67
-75
-7
-43
-66
11
24
64
63
15
97
38
-93
-43
40
38
79
-47
-55
-23
96
-31
3
-97
-9
-37
65
-86
-74
-84
91
78
-2
36
26
-2
-2
56
-28
-43
-78
90
-93
63
-41
89
46
-30
84
77
55
-13
-80
61
98
60
54
-92
-20
88
9
-92
12
85
-6
30
-64
-66
8
-50
-68
-16
6
-65
-43
10
16
5
41
97
93
-67
40
22
4
-43
-98
51
56
-74
-12
-78
-8
69
-74
-94
32
-46
44
99
70
6
-52
10
70
-48
-67
90
62
-10
-51
-24
-54
79
-65
37
82
-96
51
-13
87
-56
-52
21
-93
-70
31
21
-24
80
61
76
66
-38
97
0
65
94
-18
98
-12
-60
24
2
-81
46
-63
-34
-58
-6
-38
40
-91
62
-36
24
45
-35
-38
-38
97
40
78
49
-16
-48
95
20
-8
36
-71
30
66
20
24
-79
-10
10
-57
24
-52
-20
-97
-99
-78
78
-16
-38
-22
-11
-26
-97
11
-78
92
98
-32
61
-51
-93
-88
54
-11
69
0
-83
-30
45
-16
38
-3
-46
-78
79
-36
42
-72
61
5
-96
-84
97
42
-93
46
-91
-60
-84
64
-64
86
9
-82
94
76
-82
-49
-39
96
94
46
-73
63
-10
27
35
-75
-89
-98
92
-21
-33
72
40
-57
66
-90
-56
93
9
96
-59
-99
-23
38
63
64
27
-15
-42
-57
-9
-49
50
-17
95
19
49
-89
85
-92
-3
-16
40
-18
-70
83
-17
-11
59
-93
-53
75
-91
17
75
-81
-45
35
-96
54
92
-70
12
56
74
-14
27
84
-30
-95
93
38
-76
97
15
20
-87
-61
37
23
-30
15
27
-54
-21
-37
-31
-38
50
72
-69
-45
38
-37
-48
80
35
10
7
86
6
-97
52
-90
-91
-36
49
-62
-81
-34
-57
31
-23
36
36
44
66
40
26
-12
54
52
71
83
-2
-1
24
73
83
-39
-71
61
51
-71
17
14
92
45
72
39
-53
87
92
57
58
-32
78
33
-18
-53
-9
15
92
90
-71
-29
34
54
17
48
58
42
22
28
61
91
81
61
-39
-22
-16
-91
51
-71
24
-33
-11
58
-33
99
-17
-66
55
31
94
84
70
-94
55
23
51
75
21
-71
6
-13
-33
48
81
-59
83
87
-7
-54
-20
-66
-99
-71
94
84
86
22
-48
16
66
-74
-19
-28
70
-77
-63
40
14
23
54
-19
-26
-53
0
-68
98
-65
50
-1
94
35
-78
-63
12
71
-75
4
-22
67
12
-48
-65
-82
77
82
-61
-72
41
-76
-89
-40
50
-6
-31
-49
-19
57
8
96
-10
50
-74
-2
94
-54
-65
-44
36
-84
-14
-7
-61
-56
-76
-62
85
-89
-32
-45
14
6
-98
-95
87
-91
-78
77
19
73
-67
-49
-27
-91
98
35
-17
-4
36
-5
-8
32
-87
-85
67
-48
36
50
15
44
37
-41
-74
-66
50
91
5
58
-71
5
18
83
0
32
31
-80
16
-16
-68
-41
32
-47
-73
-41
19
-49
37
82
25
19
65
0
0
-15
4
-5
72
31
-73
-29
51
-77
91
-91
29
-36
-21
74
-82
23
-54
-8
70
-45
-83
79
-21
-36
-29
-71
58
0
-40
-18
-86
77
-22
85
49
45
-79
84
8
1
57
5
-14
-85
8
67
91
-33
74
22
-69
-69
74
-71
86
66
-48
23
-5
67
-45
-17
20
-78
-68
51
-99
-56
49
20
3
-51
52
36
-21
-96
44
-93
-2
43
4
-31
-20
-41
-58
-47
-78
33
-37
-54
3
-86
67
86
-31
92
-66
-79
-61
43
84
-14
-74
40
86
33
54
-53
-38
30
-13
82
-31
-23
35
-79
-46
-22
25
41
-44
-97
54
-6
-94
-38
2
-84
48
-45
70
24
-94
-16
-59
79
-54
-71
-13
-7
2
-67
-36
-92
-55
-25
80
-57
-44
-88
97
-66
-54
-5
74
-26
-46
43
40
-20
-31
-80
-81
-99
37
19
40
-34
-13
79
-95
-87
87
23
-76
-3
-30
-42
-33
-70
71
77
-10
-28
79
5
39
19
-40
17
64
95
-75
74
71
-63
-72
35
-97
-77
-73
75
56
66
-65
66
55
-23
-62
52
68
75
46
0
50
27
9
-41
66
-30
-7
-11
-28
-73
-67
-39
-84
4
-13
-45
-97
57
77
-49
-30
-61
29
96
72
0
0
-52
-60
-81
46
47
-58
20
-56
-29
-10
-69
16
35
-43
54
39
92
67
-77
4
-66
-19
36
-40
-6
-48
7
-17
46
-64
87
60
52
-61
19
-19
-21
-38
68
94
54
55
37
10
-69
-30
40
57
26
14
-17
14
-5
49
-68
17
-63
51
-24
-53
-46
-65
25
-53
-11
-24
9
46
-31
62
-17
65
54
24
4
27
0
26
95
-73
-79
7
-37
8
-15
-50
28
-73
-27
-20
8
97
93
-36
9
-95
93
-42
-59
-81
-86
-93
-88
98
58
60
19
71
34
-71
21
-2
-19
-43
35
-91
78
-34
-57
-74
-1
28
47
-25
-50
87
-22
-75
19
59
65
50
-83
-38
-66
-67
84
-21
13
-11
90
29
-35
58
-27
-26
39
-10
14
-11
-41
6
74
-7
38
-66
-11
98
-19
15
-22
63
-75
-25
15
-8
16
41
-96
-18
-72
63
18
-55
-58
86
16
1
67
-32
-55
91
-12
-73
27
-73
85
-13
-20
48
-34
52
-44
-94
67
20
16
32
43
-84
94
-19
-65
-62
-70
11
65
0
-39
-78
14
-7
-70
35
-31
-20
22
74
34
-57
-59
95
-43
-49
-55
11
-21
-6
-26
11
-23
89
60
-24
68
29
27
62
7
3
23
-50
84
6
63
-71
53
79
-27
-41
26
66
94
-36
29
36
-83
-61
-70
91
-29
28
-43
74
-39
68
-53
-28
-14
94
-61
99
92
9
89
73
-45
58
49
62
6
64
7
-94
46
-53
-13
53
73
-79
20
-5
-25
-96
-98
20
95
46
19
50
-17
-74
-94
37
-69
-73
60
85
51
-2
31
-33
56
-59
19
7
50
75
-78
84
89
-30
51
67
-54
-17
-47
-38
-61
-10
50
47
57
53
-32
-68
-82
73
87
30
-52
7
90
-82
5
91
-94
97
-7
26
-51
-31
21
17
8
-43
-11
18
-82
57
34
25
-45
87
53
16
90
79
11
-85
34
-61
-36
-85
-5
-25
2
-30
-48
-90
-50
28
-55
7
-99
-73
-12
-68
42
-18
-49
3
25
-33
85
74
54
43
29
-1
-65
-90
1
-3
33
32
9
19
-86
-28
16
-84
80
-26
-67
58
-7
80
94
-54
40
18
77
85
2
27
3
21
-68
-62
-51
-95
-2
-15
-91
-46
96
-53
-2
-6
-53
-76
85
1
-32
2
73
-94
-7
-85
-90
-47
-33
74
17
63
0
3
-95
-36
-48
0
-34
22
57
95
53
-32
-66
-60
1
-82
65
63
-9
74
-49
5
0
83
-75
20
28
-47
-94
-25
94
16
9
65
1
41
-43
42
-34
-28
57
69
83
-53
26
52
-56
-45
-60
70
90
52
96
-48
44
-17
30
19
8
0
-82
-94
-52
-60
-22
-84
-40
62
36
42
53
5
68
42
83
69
-54
-94
-85
-23
-87
-65
-50
90
94
-65
-62
3
55
84
-8
18
-43
-89
43
0
53
-72
42
99
-89
45
36
-25
-81
31
-54
-52
93
-15
78
59
22
-68
6
-93
-3
-65
3
8
-9
-62
-28
36
-45
14
92
37
-88
-33
-56
78
38
64
-67
-28
85
7
41
-36
64
95
46
-75
-23
-54
90
-5
-50
-55
-40
-10
-53
56
-86
31
69
78
-73
92
-19
94
86
37
52
-31
9
1
38
-78
86
26
-49
-10
2
68
98
4
78
76
-27
62
15
61
66
15
-64
-62
48
-21
60
-90
4
16
45
63
65
-62
-8
40
-16
58
-76
-91
-62
-85
-86
65
-78
-41
14
-25
59
11
58
95
-17
-34
59
89
77
86
-78
85
22
32
4
20
-99
-31
78
14
66
61
93
-38
-74
61
-85
-82
-73
-17
-71
-96
45
42
49
-59
34
-3
-81
-24
50
-25
40
38
91
-7
-61
-50
-12
85
23
56
-80
46
-48
-27
40
38
-24
-86
-61
9
-75
46
-41
-86
-79
5
-60
-48
10
66
-68
66
77
-22
-69
-38
-95
14
-6
-20
-12
-34
-50
88
28
-76
-75
7
-62
22
3
85
14
-27
58
-22
75
-76
61
-91
17
-20
50
-46
-61
50
96
17
84
17
-35
85
19
-46
-61
71
-84
-50
-74
92
95
-95
80
-63
42
-89
48
15
-34
-94
75
5
-71
-41
-65
84
57
-45
-51
59
73
53
32
-64
8
46
99
-87
-5
55
53
-9
-73
-73
-84
-98
43
59
0
-48
-27
42
16
10
-22
-99
-24
-78
53
5
-89
-66
-1
16
-92
-89
51
-50
57
29
-14
-7
-55
47
-87
-98
-33
16
-36
41
-79
2
67
63
-36
-9
20
-80
78
57
-35
97
14
-51
23
-45
53
-11
46
27
-26
24
72
-5
84
-2
-25
-97
88
16
-42
-61
-38
23
-39
-51
96
56
19
18
75
45
67
83
12
-29
-19
-59
49
-36
-22
93
98
-43
81
36
20
67
33
-10
68
29
92
-74
-86
13
-89
78
57
-12
32
-41
65
69
97
-16
95
26
46
48
-78
41
18
-51
-50
-29
27
-98
32
-68
-59
-74
-89
-41
28
48
88
12
93
73
-42
99
-17
-5
-30
-5
71
-36
97
68
-50
-70
83
0
64
-98
17
-97
27
38
-47
98
-98
-39
-73
-26
-15
89
84
38
-79
54
77
-40
-96
-88
-98
37
-69
-1
-8
-85
66
85
69
-54
8
-29
-54
14
-35
33
-58
28
-91
-5
7
85
-3
-58
27
-40
-90
-5
57
7
31
-96
-77
-99
38
84
92
47
82
-79
30
70
-75
21
-59
-37
-77
-8
-9
57
-2
-88
-24
-82
-67
-71
-16
52
-21
14
86
3
-4
-67
-84
87
-21
22
-56
-40
52
6
-49
44
-45
76
-27
70
47
72
-27
85
-86
-33
-45
83
48
-67
82
-48
62
-10
65
-51
-99
31
74
84
-59
-55
-30
67
-73
8
-18
91
-51
92
-52
33
65
4
42
8
70
9
-66
27
37
16
-34
-5
-33
-86
89
-21
-23
-13
30
-40
-44
-2
-93
48
88
84
33
50
-48
98
17
-43
99
51
-10
-89
33
82
82
-11
-38
-96
45
51
45
-50
8
-88
48
-63
-80
5
-90
-34
-63
-67
-93
81
-1
16
90
-46
-57
-83
1
-50
17
-3
77
-66
-44
-67
-7
45
-82
78
-36
57
3
48
-35
-41
-56
48
-72
-74
-59
58
22
-82
-69
10
36
-13
70
87
34
-72
-24
92
-45
70
77
97
-53
-58
32
-92
-15
49
-75
70
44
83
64
93
-14
-39
-67
-8
87
9
78
-95
56
-52
20
-43
19
-99
3
-53
-1
-67
-27
81
98
22
-49
-79
3
94
84
91
-2
62
11
99
56
-42
-96
-28
8
2
67
20
-21
61
7
40
56
-31
89
-74
-24
-61
-62
39
-1
-24
-79
0
56
-72
-66
-13
-20
68
-87
82
-74
62
-34
92
91
36
43
-9
23
-69
94
-85
88
28
-16
81
-91
17
-55
14
11
-6
-62
-25
-66
22
60
-12
49
-40
-53
-90
-1
65
14
-92
52
-87
-37
70
-53
-16
-58
-15
80
45
22
-42
-50
36
-29
55
-75
44
62
96
-78
-22
-11
7
-91
26
91
-72
73
-79
22
98
0
39
-3
5
6
-53
-65
49
87
-67
-52
64
20
63
83
-16
-76
-67
-13
61
-83
-42
-56
49
-94
23
-19
-70
33
-41
-37
-8
76
17
40
-37
64
24
91
29
8
51
34
-44
53
-29
-83
-8
80
-59
89
-57
-54
30
-40
-16
-28
-21
55
-5
16
-90
-41
-53
-34
-85
-44
-12
-89
-88
14
12
2
-97
-6
80
73
62
-45
70
-16
-33
3
-30
48
85
88
22
-2
-1
-89
-65
-31
-9
-43
1
-40
-73
76
46
59
-50
64
-17
-66
-98
69
-16
35
-8
-11
-27
92
-45
-19
20
0
-79
-24
-59
99
-50
-32
66
-97
21
-15
49
15
43
15
-60
-86
-93
37
48
89
-55
-82
12
65
0
79
89
2
78
-7
12
-17
-47
31
-79
-44
23
-31
67
-83
54
47
-88
72
-29
-71
38
-98
37
48
-50
-54
39
5
67
36
19
-25
-50
73
-22
-18
-61
-52
-45
41
-65
-75
93
46
-78
29
-52
94
-57
52
25
-22
-81
53
52
34
85
92
-50
-43
83
-91
-17
-54
69
76
86
76
-45
50
66
1
-47
-50
-41
-52
-44
-57
71
77
25
-98
-9
94
50
88
16
-53
4
-45
39
58
-37
56
-1
-64
-4
-20
80
-66
9
62
54
-27
-56
-75
-30
99
42
-99
18
-96
84
77
-81
-47
-65
-57
98
-32
-7
-56
31
89
18
37
-41
0
-11
-63
-77
40
15
-55
-96
16
-73
20
29
-19
42
69
-47
62
-10
38
30
-97
-47
13
-28
-34
-90
16
70
54
69
-3
59
70
14
65
41
24
58
-41
7
-67
73
-98
64
-92
58
-93
44
-36
-68
-69
4
-47
82
-97
-13
-66
-98
-42
-69
-48
-50
-52
-49
0
18
-1
39
-89
85
11
58
-1
-96
31
-46
-88
55
60
25
16
64
99
-24
41
65
-22
-39
52
-28
69
62
-26
-2
-59
-46
81
51
-41
-47
91
-64
25
81
-57
-31
19
-1
80
46
-61
33
74
23
-32
22
-68
17
74
-81
46
10
-75
57
-11
32
-83
-97
12
39
-65
79
62
-13
-55
-63
-25
-72
60
-73
-97
41
71
99
-5
-85
44
-62
95
-32
-92
40
15
34
-51
-86
57
-55
38
-44
-89
-60
29
-60
62
-1
4
-93
-29
-24
-96
-43
34
45
17
-41
-74
-4
-65
12
-35
-60
20
-81
58
31
23
55
96
-80
-23
-6
-74
-29
0
53
-23
13
-68
-77
74
19
-5
50
-7
33
-87
8
69
-7
33
44
-73
11
-5
-95
46
-98
56
87
42
36
-42
-89
-21
8
94
22
-94
29
90
22
69
23
-39
38
20
-31
-34
41
-35
-69
-67
-87
-9
82
13
-64
33
-46
57
61
-85
-58
-11
-47
-7
-10
-22
28
-73
-95
63
-29
-98
-47
97
12
-33
31
87
-5
-10
80
21
-39
85
-30
-82
17
-25
61
-51
72
-34
38
76
55
85
-41
90
73
38
87
-80
-2
-3
-67
11
-78
-48
-39
17
15
79
70
-44
57
-40
-55
5
40
-47
24
64
-31
68
39
-43
4
93
-59
91
-6
-25
76
3
69
-86
-90
-4
-36
-94
-27
59
-35
-14
37
78
28
14
41
11
66
70
4
9
83
-72
-11
-35
10
-56
42
-9
-95
67
76
80
5
-92
-75
-30
-58
41
-50
82
32
-98
10
76
63
36
-86
-51
-47
-51
92
81
23
-20
61
4
-16
24
84
42
24
34
87
7
52
27
-38
75
62
23
-96
77
11
36
-75
17
-5
0
97
-66
41
90
-14
-11
72
-1
-32
75
18
97
-71
28
89
-24
-60
25
85
-86
29
25
10
-59
65
12
-73
92
-62
-40
73
75
-27
54
-25
77
-29
-3
76
-58
-27
-10
98
-48
-1
48
17
-3
55
76
71
-39
-98
-52
-1
-13
69
-52
-78
-43
-62
32
-24
-62
82
96
-16
-98
-96
-10
9
-49
-44
-3
-80
58
16
84
36
34
40
-97
82
50
72
8
-1
-61
50
75
54
55
-27
4
70
-87
-11
80
-30
56
-47
-50
-88
52
78
-76
55
-1
-81
-37
-44
-64
18
69
-44
31
84
55
-23
-1
-16
93
38
20
22
-12
-60
-34
-38
82
62
85
-89
67
96
84
70
-81
19
8
-99
1
-19
44
-37
90
69
22
81
73
65
-77
16
-29
-60
-48
81
30
6
41
-88
-30
78
-66
-80
-89
54
74
-88
2
53
-64
-16
34
-60
31
33
61
-36
-39
92
-34
0
43
71
69
34
8
55
95
-17
-72
-93
16
65
-7
-69
27
-68
-74
6
0
49
34
63
1
-58
43
42
-59
-68
21
24
23
-88
2
-80
94
-50
9
-73
-57
-25
12
64
56
4
-62
55
-73
-32
4
98
-28
73
54
-95
-94
60
-3
40
95
69
24
-90
-17
-5
77
-10
-75
86
-42
95
-87
77
14
-24
-71
31
-83
-77
1
-50
35
29
-34
-35
-91
-22
45
-13
-73
-83
98
-30
-23
6
-94
-60
-79
38
-76
3
45
-12
83
-71
-10
-1
-98
67
80
51
35
-56
-63
0
29
-63
-60
39
-71
-50
44
51
-66
23
94
22
-96
-4
-77
-25
-34
-13
64
76
52
43
95
88
-61
-69
9
33
-35
-66
-51
-15
-10
-42
68
-21
14
-57
-40
-32
-45
-69
-77
-33
46
42
-6
2
69
-79
10
65
71
-30
-52
81
-23
81
-54
42
-79
-46
83
65
-89
1
-97
36
-20
35
9
-37
47
-88
74
-13
54
64
84
-65
-14
42
29
-34
-15
-83
-56
-14
68
-9
62
29
-14
-88
-67
-82
-38
60
66
56
-13
-21
30
-5
-54
80
-59
-75
-28
-38
-17
-2
-60
-65
-78
83
-84
98
54
-7
51
-47
-32
-43
-10
30
53
-68
-78
68
94
66
37
-34
-93
-64
96
89
59
37
6
29
-58
-28
-92
58
18
6
49
-15
3
-94
-92
-32
78
99
-44
-64
84
-93
45
-90
7
52
-27
92
53
15
45
-25
36
-90
33
75
74
85
34
7
-92
66
-9
-77
-33
82
-1
67
-46
-58
-92
-67
97
86
57
23
-15
-98
34
41
-15
-46
65
83
38
56
61
-67
-92
-1
-29
-13
-86
-15
53
5
-52
-93
7
54
49
-72
-36
75
-88
36
24
-49
-20
-59
-73
56
31
-28
-37
-47
33
-80
-80
10
4
25
-64
-39
-28
-42
-7
-19
40
43
-87
1
32
-74
-72
86
-81
-85
38
60
50
62
46
-73
-65
-88
84
-47
55
31
-99
46
59
79
-45
32
3
-51
96
-79
63
-45
70
23
87
15
-73
-14
-66
-97
25
54
-20
25
-21
-58
-11
52
57
-51
-87
16
11
30
-97
-25
-7
-9
12
-88
64
30
89
-8
-90
-50
-4
59
2
-2
-20
-3
-21
-82
25
-77
-75
-39
81
-88
-65
-14
-62
-43
-63
87
52
-9
43
-56
44
3
-63
-64
-66
50
17
79
-66
-6
53
-51
-66
-38
30
30
-49
89
-42
95
49
-63
20
60
-91
86
7
72
-31
66
41
39
47
27
-66
-61
-64
55
43
39
97
-52
-95
-5
4
60
61
-39
-56
-89
75
94
50
-36
19
-88
57
13
10
-17
-89
23
-86
67
92
41
91
-22
37
84
83
-71
49
-32
-87
-69
4
14
-95
-10
38
23
70
-69
56
38
-1
60
-65
-44
-11
-78
-74
-9
-63
0
-77
-20
24
15
49
39
-98
-57
-84
-29
58
-22
53
95
-48
-16
47
49
-53
94
-27
55
-90
-21
74
-11
-80
-47
75
-3
-14
-64
-27
-19
-75
-50
-10
42
-9
2
-37
90
-95
37
64
-56
-69
-57
-16
34
94
-83
-84
36
-59
-60
77
45
-92
-3
-82
89
43
-16
-39
89
-74
-73
23
-61
73
-59
74
74
58
-23
-28
-59
-93
-58
-72
37
0
-86
-12
98
-87
44
-98
62
36
24
46
-27
26
-73
81
67
42
32
-97
-12
59
36
98
33
81
21
92
29
-66
19
12
73
72
-71
76
46
92
-90
57
-44
85
48
2
-82
69
-22
-91
-35
-21
-37
-63
-21
-12
15
-25
-37
-55
-96
21
66
64
83
21
-96
-87
16
-88
-87
28
-78
84
63
70
42
47
71
61
82
-57
-85
95
-66
-41
82
-36
-29
15
82
36
-76
0
-96
-43
-6
84
53
-82
79
-31
-17
-92
-66
1
88
-55
63
-8
-82
47
14
56
52
53
6
-7
89
65
49
-96
8
27
0
-98
21
-65
-92
-95
76
20
37
64
3
-89
-88
90
22
43
44
-7
3
-36
93
23
48
1
-45
-14
40
-96
-28
-45
-75
-35
16
-1
76
92
94
95
-21
2
-72
68
9
51
-22
-80
-61
-96
-15
-8
83
-53
82
69
-91
-84
-15
-98
-17
0
-81
-32
-49
-72
-49
57
87
-81
41
1
-2
-65
21
-67
-29
-60
-14
-36
-93
-52
-96
34
-78
-42
73
-21
74
22
-48
95
-50
41
-9
11
-22
2
-29
-4
-87
8
66
-90
40
1
0
1
81
-34
97
64
-7
61
80
-40
-22
-19
-36
-48
11
-45
9
51
39
-55
81
-98
-63
41
-98
-20
39
-61
40
14
74
-1
-27
-62
40
-33
28
69
-76
29
-29
-26
-21
-6
83
75
63
-45
-97
23
-46
3
-12
82
75
-95
-71
-20
17
-57
23
-46
14
-83
-14
-45
-22
-18
86
-20
0
-54
66
-89
90
-26
-69
-60
-80
-70
-79
-70
-87
43
-78
-21
-32
85
-47
-95
35
47
92
-88
60
25
-81
-90
50
-17
18
39
65
48
18
-94
32
30
60
44
5
19
70
-26
-54
56
-59
-91
-54
-8
-99
-7
-53
-76
39
51
-40
22
-89
-62
16
71
29
15
76
56
62
-37
82
11
15
40
-2
-63
67
72
8
55
67
-45
-6
-67
-43
87
47
-87
-83
21
80
69
56
-40
-48
-37
-46
52
30
-89
81
81
42
50
-93
27
88
6
90
23
55
5
-94
13
60
-58
53
4
49
-36
-75
15
-10
1
-66
-99
39
-56
-15
-30
-28
-87
75
-12
35
16
0
33
59
-90
43
28
-56
-43
-43
-1
39
-39
95
86
7
96
89
46
61
-70
-4
69
-73
37
-8
-56
25
60
-41
-26
-43
48
-11
-25
18
-40
65
72
-97
-48
-82
2
17
66
-45
-25
-88
42
64
-74
-10
-77
-97
-95
88
-18
42
45
27
95
86
57
-50
44
81
-42
-51
-32
-9
-69
8
70
-69
-20
-17
57
79
16
-61
0
19
-20
64
2
68
20
-75
38
-47
-87
70
28
32
-8
25
-69
-79
44
78
97
34
-48
-80
-42
43
84
63
-53
29
95
75
21
57
-30
-6
-7
-95
-71
49
-19
29
44
-34
-37
30
-94
36
-46
43
19
32
-78
50
64
-9
99
14
-13
54
-47
-60
28
62
-93
69
15
88
-75
-37
23
20
-17
-82
69
-44
-65
93
-26
93
6
16
-64
58
57
-11
65
1
-95
89
-97
-31
53
-76
-19
77
-88
18
89
55
57
-5
53
47
-23
-43
-22
85
57
-29
-88
63
-12
-56
-63
-9
-95
20
93
-68
-33
-35
-3
-27
-64
-6
-57
-42
36
35
36
-51
-93
-78
-54
82
-35
-82
68
-80
-93
34
22
86
29
49
-29
70
-25
59
65
-76
-56
-95
38
67
-6
50
-58
-27
66
99
-61
18
26
-52
-89
49
6
66
77
-49
-29
77
-85
41
64
6
-99
-44
-47
-60
67
86
0
62
12
-97
3
59
-13
-18
-15
38
-31
-72
-20
21
-48
18
76
-72
67
98
-83
-54
69
-66
12
62
-70
11
-31
59
-31
-54
-42
-97
-31
-41
-70
95
10
-88
-4
81
12
-55
-19
-12
37
74
-42
-32
19
-57
-7
-56
92
46
-51
78
58
-39
-33
-87
17
-73
62
12
-45
14
-54
-94
47
-55
-64
69
-11
44
83
99
-35
9
-90
-19
15
96
-55
47
-16
33
-1
93
90
-74
-55
48
-18
62
52
-49
-49
-27
86
-51
-21
-19
66
-36
-41
-68
-22
93
16
12
-67
-15
-58
-23
59
-29
9
34
71
96
97
-80
90
13
-23
21
-81
52
-33
-28
86
31
71
29
-78
-83
97
-39
-63
-81
-45
32
81
65
56
-60
64
-74
-31
-29
-65
-54
18
-50
55
-9
35
-96
-82
61
-19
38
-59
-47
99
67
-44
95
-89
-55
-45
-4
-85
-61
-20
30
26
92
-49
17
67
-10
30
-73
77
-10
85
34
90
-9
2
-60
35
92
-93
6
-30
70
41
-46
-59
65
-81
54
-54
-86
81
94
-59
32
77
-7
32
32
39
0
-32
91
53
97
-32
-22
-3
-57
-52
87
-78
48
-62
33
16
-47
-37
32
83
85
31
-95
-22
-85
2
-77
24
-13
20
-33
61
-62
-47
-65
-98
-77
-28
51
-64
-57
-49
-55
82
-91
85
71
79
37
43
40
12
-45
-53
-47
-66
-73
27
5
-7
11
-15
10
24
-53
12
40
-81
3
-41
-45
-49
-47
6
-50
69
-5
29
-27
39
16
64
87
53
45
71
45
-91
-3
47
-23
45
2
35
-36
-60
-30
-27
34
-92
-3
-6
33
48
-1
-64
-29
21
-45
-6
55
-33
-72
-12
79
60
-8
-98
-5
98
-56
-78
89
-64
28
15
-89
-79
79
35
83
12
-38
-62
-87
65
16
-39
48
-10
-37
-70
-36
86
-66
-33
-71
-63
61
33
12
-94
-73
13
37
-25
-37
-49
80
11
45
-4
-84
26
67
-51
-93
-70
39
-39
-75
-68
2
-60
-53
88
-95
21
-27
8
-42
27
62
-44
99
64
28
-18
-12
65
-59
-97
-36
64
-59
-66
-97
44
71
-69
-2
72
31
-20
-6
1
92
-50
23
-25
25
-46
-25
-31
20
-52
-41
70
-53
-35
-33
-65
15
-77
-96
-34
77
-89
18
-42
-45
-83
14
65
70
44
83
77
48
-12
-33
-76
-21
-92
80
-55
44
-32
58
29
-64
-72
-43
91
81
-96
-20
-40
-69
41
-10
-57
-50
70
-2
5
-18
-19
95
-24
-20
-53
10
45
83
64
-26
1
-77
-29
98
87
41
-29
-18
-13
-72
9
67
-84
-83
-1
4
-29
24
-12
-44
87
9
50
23
-29
53
32
4
92
6
-95
-24
-12
16
90
-43
54
8
64
-52
-44
77
25
-33
75
60
48
-25
-92
-55
2
-93
6
0
-57
-66
-76
9
16
-1
78
-84
74
40
-67
-10
-71
73
52
44
-50
-94
-11
-82
-53
49
-47
99
65
87
-49
-69
-36
72
29
-78
67
44
-59
-91
85
-2
-59
97
96
-90
0
-88
-40
85
-80
-87
-63
99
-53
-58
24
64
80
83
-62
-17
-27
-95
53
-52
-92
-29
-72
-67
50
-2
81
1
-72
80
-30
-55
5
72
-71
-42
74
-8
-25
-34
91
64
15
-42
90
-19
3
-91
9
-61
-95
-34
-29
31
50
-48
42
-74
14
-63
-15
-22
-34
63
-77
-34
77
74
65
-93
-25
85
-38
61
71
-95
-63
51
-20
34
-98
-57
2
-98
-19
-88
70
-28
-28
74
58
-94
-95
-81
63
58
-32
-12
36
-31
-64
-12
86
61
68
-54
0
16
83
7
-9
99
22
-35
-89
95
-81
31
-4
-67
29
-40
65
29
50
55
-40
-50
63
36
-95
69
-71
-62
46
84
-40
0
-95
-88
-85
58
69
-54
5
-30
34
51
63
23
92
40
-35
-47
91
-99
86
-25
-53
28
-18
-15
58
70
-49
4
98
-36
-24
27
-92
-66
-87
-6
-68
-12
5
99
-43
80
10
72
-89
69
91
93
-5
-1
-96
38
-28
-97
-35
8
10
48
96
24
20
91
-99
93
-61
-34
80
-37
37
-72
79
-6
87
-34
-47
18
67
73
76
8
-49
-88
8
-30
-97
54
-48
84
33
34
62
-25
84
-82
-86
38
-48
-27
95
96
9
-60
-21
-5
-53
98
-61
57
-20
-90
-58
-73
-79
16
-97
38
-19
29
95
-69
-28
-53
-25
93
-38
37
76
75
89
75
-89
-36
23
55
77
-88
56
6
-64
-49
-22
-95
-96
24
-49
7
-82
-68
94
-98
-23
85
-60
-45
-77
-50
-14
38
42
96
9
-59
-68
-9
87
-31
55
49
-92
40
51
70
64
56
94
-61
12
-11
53
28
14
20
-44
64
-98
1
-90
80
36
12
-16
-44
17
28
-33
-70
-60
45
46
38
-66
5
-41
-26
75
-16
-87
49
47
55
20
-74
-23
-4
-14
18
21
-25
91
24
-80
-72
-93
-50
-27
-71
-37
37
-64
-3
1
-39
59
37
-90
32
-68
18
12
-83
-25
57
-39
90
9
-4
61
77
99
89
72
-27
-60
14
96
85
-49
90
-9
-40
82
-66
-86
-97
-19
73
-38
-24
63
-80
-25
43
47
1
-47
-70
-14
73
77
-47
-88
94
-31
63
51
-43
20
-46
-38
70
-8
44
39
29
8
-22
26
-76
-28
55
-10
74
1
-64
99
-49
-38
61
51
35
-91
-98
-36
12
11
22
41
-54
72
-31
-23
95
-97
-17
-47
-21
-55
-32
-65
43
-25
-7
-92
-58
78
97
87
-85
-2
-3
-2
15
3
-59
16
-77
-1
-15
-37
17
48
60
-82
79
-13
87
-57
35
-38
0
87
-52
63
-64
-81
3
-78
74
77
-62
-84
-26
14
0
-91
41
30
-9
-40
-85
33
40
-73
70
17
47
31
-57
-9
-58
-17
9
-16
-68
37
63
15
55
-84
-12
-43
66
-8
-31
38
62
-64
-76
-7
29
24
35
27
-91
-56
11
-30
-9
-36
37
-52
63
96
73
17
99
24
69
-74
-20
23
-66
17
-14
-3
-3
-15
90
49
-29
-31
-57
-50
27
-71
15
77
7
-11
-6
54
22
-24
34
-77
39
-6
-48
63
27
-72
-4
-60
81
-37
-61
-41
65
-73
98
88
-34
47
17
34
-56
-94
91
-85
-5
-23
-29
81
-93
-96
-46
17
-45
31
53
92
4
71
86
50
8
61
-8
37
80
-30
48
-86
-26
19
15
94
14
-67
-77
55
-17
-52
21
-84
-86
9
46
-92
-24
-43
-18
-82
-59
-84
-90
34
-58
-18
66
-76
76
92
82
-94
39
-43
-7
-47
-46
-94
-50
33
-45
29
93
-96
-39
66
42
-62
42
8
3
-99
-54
84
-77
66
72
-87
11
13
-62
-61
-35
35
-62
-23
-32
-40
55
-84
-75
-39
93
44
-77
-93
47
-28
-98
-83
-24
-31
-55
3
80
-66
-29
39
-19
88
66
-90
-87
-16
-38
-87
-93
1
36
-82
0
12
-37
-13
-25
-30
92
-33
4
-6
78
96
-7
-75
-94
2
93
61
5
-39
-75
75
-65
57
-39
88
-68
57
69
98
46
-44
84
84
-31
-68
-83
-85
-15
-25
-87
20
78
15
-50
-34
41
21
-17
30
85
-20
56
9
57
82
-54
-34
-40
45
-62
59
94
-36
-26
25
69
-5
34
-28
-11
68
88
-83
-7
-70
-41
-53
-93
-66
-80
97
-66
87
84
6
-63
-66
62
-29
27
-34
-76
99
-97
-31
-79
-61
78
-3
-20
-98
-90
80
-9
-9
5
-29
-38
21
-7
87
-90
-30
-95
16
-8
-57
-78
57
12
-60
94
-44
5
88
28
-18
-19
79
-74
66
-38
83
47
-75
37
-30
72
-47
8
37
24
-26
-10
-75
41
-79
28
57
93
-49
-71
13
-86
77
55
-50
-21
84
-31
87
29
-96
-45
-37
-33
-21
-92
14
24
96
29
-36
12
-19
39
32
41
84
19
94
-12
75
-83
-8
-64
57
37
-37
99
38
73
-10
-56
-59
29
53
-20
30
-58
-46
-62
20
-19
94
65
-93
19
-43
84
23
86
29
-81
61
9
98
-57
-46
-59
-28
-60
-80
69
52
88
-38
-75
34
-58
-64
53
-68
-80
23
37
-78
-74
-24
67
74
41
46
19
60
57
75
52
93
34
-17
40
-70
-97
33
15
80
-21
-87
-40
-49
11
0
-85
99
-94
-56
-58
59
28
-62
52
87
-26
3
-27
50
63
-25
50
-6
40
-32
-30
-5
80
-84
36
-40
-78
16
92
-98
-55
-52
21
-32
61
49
-17
77
44
52
82
4
-87
22
-39
59
13
-4
46
-43
-79
-3
-88
-79
-31
-68
-36
35
16
94
-39
-73
0
22
-94
-49
67
96
-51
-59
2
25
41
-51
-19
-55
7
91
75
44
62
-90
-51
0
-26
-48
37
-93
64
-65
-63
-36
51
74
-17
88
-30
52
82
-38
86
-37
-95
4
-21
-68
-37
-9
91
-33
24
-56
-7
47
17
-50
-80
51
27
89
-42
43
-74
80
10
91
34
88
-90
90
28
-55
94
89
-92
-11
-98
-4
17
14
-69
15
-67
91
-79
23
35
14
-77
-12
-2
-89
44
69
-77
-75
-67
58
78
-25
70
6
-8
66
-77
-63
-75
-68
12
-39
-88
83
-20
62
62
-12
76
47
-42
-38
38
-45
-66
-59
85
13
98
65
99
-96
12
-81
88
32
-34
84
-65
66
58
52
72
10
36
-69
63
-84
38
82
-28
-58
-50
-90
28
-83
-6
-58
-62
-57
2
0
33
29
-90
-86
-35
-83
33
69
-53
-9
-6
36
-17
41
64
66
83
-8
83
-30
-3
-53
-34
58
-38
-57
-31
57
-57
-40
-77
51
-60
94
19
28
5
21
-29
-49
46
30
9
-73
36
53
-92
7
48
-3
-54
-80
-4
55
-24
-95
66
-84
-84
91
-3
-85
-13
39
-67
-17
-64
-72
-42
-84
-12
-38
16
1
79
-1
-62
24
-97
85
-48
5
-89
-52
-54
-13
-71
61
-27
42
0
75
11
90
-41
-93
-2
-66
-6
2
-17
-95
7
36
-59
39
-7
83
78
35
55
42
83
72
-52
66
-60
-83
98
8
-27
-72
3
11
3
78
21
17
92
63
57
-15
-85
3
85
-57
56
60
76
-33
95
69
31
-39
47
3
8
-19
-42
94
46
-90
31
87
-94
41
99
-5
22
0
6
-44
91
-19
60
43
-82
33
5
67
77
-28
-53
-29
2
-14
73
85
-83
-29
97
61
0
-52
78
25
82
-38
88
66
-82
-85
-89
64
-27
91
62
-86
-93
-84
-3
-42
7
-80
-85
-67
-34
-42
56
-77
-65
14
59
-65
-42
7
-26
10
-66
-48
-4
-83
69
80
-60
50
-51
62
-89
64
-11
35
-33
-33
-19
-34
-24
15
2
30
30
-80
36
-24
-65
-10
54
39
91
29
-5
29
-39
-42
64
-67
94
84
24
-69
-12
96
74
88
-35
88
-74
-27
-98
81
97
-18
81
-23
-82
-7
0
19
88
1
17
-88
91
-11
39
56
-84
-32
-17
74
29
-85
-27
-15
-87
-19
75
38
-67
72
11
99
4
-30
-82
-91
-77
30
32
58
62
56
-10
-19
87
28
-28
88
2
-57
-34
-49
65
-27
-62
-52
-8
35
-85
-80
-80
80
12
58
-37
16
-72
-42
-39
-20
98
-96
-1
-70
-31
-71
0
-92
-58
-95
49
62
-80
89
89
-46
-50
11
-88
26
-40
56
34
44
82
39
-98
-74
37
-97
57
27
80
86
4
36
-51
-41
-39
0
-86
-3
54
13
-3
-4
-65
-53
34
-60
93
-11
57
28
-1
52
21
11
1
-69
-59
85
-28
54
-44
-27
39
30
63
91
-18
51
91
41
-91
-52
-80
24
53
-35
-3
39
-65
-86
69
66
74
33
12
79
-9
-81
-65
-53
-93
1
-52
-62
59
42
78
96
27
46
23
95
0
-38
41
7
69
-56
1
54
42
35
-28
65
-58
-74
-24
-71
16
26
-91
6
68
-93
-69
-90
2
-68
16
66
-10
-84
-81
-33
-88
15
-47
-26
-74
-1
81
-36
80
70
26
-53
58
88
-3
65
-90
62
2
39
57
1
44
37
18
86
11
49
-24
-79
-66
33
-48
-31
-58
-8
-49
68
71
23
-14
-95
67
13
-70
73
81
-42
-28
-79
9
55
87
-69
43
78
22
67
53
-34
-97
-83
25
-13
-77
-48
-47
76
75
-4
-49
34
-54
35
-74
-75
47
-52
-95
-18
-9
74
84
92
-70
91
55
36
25
-67
0
-71
-24
93
45
21
-89
-83
-86
-35
-83
-69
-97
17
-8
0
55
68
-35
-20
51
-47
23
18
29
-29
-73
-26
-83
-1
-66
-6
-87
97
-82
-82
29
-56
61
12
41
-71
-25
14
18
-39
1
-29
-44
-84
8
61
-56
-82
-44
-42
74
-8
45
72
67
41
-15
45
-91
-31
-59
74
69
0
-45
16
13
73
-33
-23
61
97
-49
-59
-95
50
-63
-70
-74
-90
39
53
-36
2
-33
-36
90
-47
-10
43
20
-61
-32
-16
88
-48
94
32
-88
-28
-45
80
-57
65
26
-2
-39
-13
-45
-31
-74
56
95
56
-34
-44
15
-57
0
17
69
-60
45
-68
72
67
-39
39
78
69
-64
79
-88
59
-29
5
1
79
7
-44
-92
-22
20
-63
42
-47
14
52
13
-92
-96
-44
-51
-52
-29
28
45
-39
-97
77
65
-7
33
-1
26
-88
-29
76
-79
49
33
23
-1
-80
-3
70
14
-18
-33
8
-39
40
90
-86
47
27
84
-9
1
89
67
-52
-82
58
89
-41
-55
97
51
-99
27
-50
-40
69
-59
-64
-65
-75
-59
-95
-31
-62
87
90
-21
-58
25
70
-89
86
34
-16
-3
-73
92
-64
57
-11
9
25
-25
16
-28
-94
-71
86
-96
-29
60
48
47
13
82
-17
60
79
52
83
51
33
-21
-22
3
31
-89
56
-31
51
19
-93
-51
51
-5
29
0
-58
-85
59
-1
10
-55
44
88
-45
61
48
60
14
18
2
-33
63
-4
8
-84
48
-28
36
-47
76
-53
26
23
-79
99
92
-68
-17
52
95
-90
-98
-2
61
29
93
47
-88
13
44
-40
-18
7
82
-85
2
84
-1
-91
79
5
15
-75
-90
32
80
38
-40
-30
32
47
-25
31
63
73
-96
40
-44
-14
-1
-35
-4
-25
-17
-85
-44
22
-5
-74
20
37
44
-37
22
0
-76
-93
-21
80
98
94
-97
-87
-65
-21
24
-98
-99
-31
-23
-43
13
2
39
35
-39
32
-31
-78
-28
79
81
-20
76
-86
-50
-37
4
52
24
-43
-70
77
-37
-79
69
10
90
72
-23
96
61
-28
-62
58
-6
-92
-64
1
-38
-89
13
-49
-43
75
-80
-38
48
-50
54
-95
24
-46
96
-13
64
46
79
-36
72
28
-4
76
51
-51
99
61
-47
-81
-77
-10
-37
-29
-66
57
40
0
-2
-65
-53
-95
2
-97
17
-56
1
11
80
-67
-52
-61
42
-56
38
50
85
58
43
7
97
2
-3
25
-27
-81
-40
12
-54
39
0
-15
-85
-4
-72
-17
-18
94
71
15
41
-90
-54
-80
-92
-51
57
-87
52
54
78
-66
-95
36
79
-20
55
-59
39
18
5
3
94
26
-87
-17
-42
-89
17
84
-11
5
-60
71
-55
-35
-84
82
-74
-16
-61
51
80
-22
-39
18
-94
20
-15
3
-84
28
-42
36
-59
-99
98
96
-63
-74
-69
69
-40
63
-2
70
-93
17
-31
97
45
-88
-71
85
-30
77
13
79
-23
-65
99
-33
-91
77
-18
-37
79
93
-48
-43
22
42
-54
-55
59
35
-38
-72
-74
-3
18
-98
-26
59
0
59
-65
97
-24
32
57
-76
-84
3
49
-21
57
-3
99
-93
84
71
-6
-8
31
54
58
55
-12
34
-16
-64
7
-66
-27
-29
-20
93
-41
81
-51
99
41
-40
44
-70
-9
-74
-43
59
-77
83
-4
-36
18
-8
73
97
2
1
28
5
-69
-73
25
49
58
72
-41
54
-88
68
58
-10
-73
-97
62
-72
86
7
92
3
-62
-75
19
-24
67
18
-45
-80
77
55
-5
-11
64
39
58
64
42
-13
70
75
-87
-24
49
-22
-32
-32
-41
75
54
-63
40
46
90
41
22
-70
-38
40
92
43
83
-65
13
-18
57
-70
-20
51
-75
68
50
-41
18
81
44
31
-70
-87
-39
95
-19
68
64
52
-95
51
-91
35
-97
7
10
-70
-58
44
-19
3
-37
-47
52
-12
5
-29
-85
53
14
20
82
-49
-87
32
48
-85
-63
-9
80
28
52
-69
-24
-7
7
-88
55
-31
51
85
62
32
12
-27
6
94
-58
-30
17
-87
-62
-7
8
-99
13
22
-48
-24
-70
-32
-67
-21
-93
65
65
52
-30
-33
83
-29
66
65
-45
-73
-39
42
69
-50
-81
-12
-30
2
-45
67
-8
-58
-27
36
-28
0
60
-34
-81
37
40
-30
-68
-60
93
-55
50
96
60
94
-96
8
-83
11
79
-14
-39
-41
81
-3
90
62
-61
-56
0
16
36
-79
37
5
-43
24
-42
-58
-32
27
56
51
-88
-49
32
88
-51
-27
-23
42
80
-5
80
-68
48
62
98
-1
60
-49
24
-97
-84
-89
-24
-40
52
21
-21
-13
30
-65
-92
-84
18
-91
68
-81
-16
18
26
-84
-8
-4
40
-77
82
-58
-87
-80
79
35
72
64
-69
5
-3
45
-18
89
-32
-60
49
-12
-3
-55
-93
73
72
3
8
6
-37
-27
89
-43
-56
61
42
89
-85
-80
-27
-92
-80
-78
73
-39
60
43
-58
-28
49
-2
-45
-12
-75
59
67
37
-19
-19
-2
0
56
81
-39
17
37
-98
-47
-12
-7
41
97
10
45
-93
47
-16
92
-38
-69
-29
7
-43
80
31
19
-98
0
88
-9
-10
-68
19
44
51
-57
-11
7
-40
-68
-24
67
-15
-5
59
-90
-42
74
-4
61
-66
-27
-66
-17
62
33
50
-18
-25
-77
91
18
88
-62
70
70
19
-83
70
28
-75
77
-85
-42
-8
-58
-11
7
83
-40
47
47
17
67
-73
-38
99
-21
33
97
-30
48
0
80
-85
-81
28
-94
19
-17
-56
74
38
-86
11
49
-25
95
73
37
45
-76
68
77
-2
-96
-39
-32
-43
-45
39
-22
6
70
82
-74
87
76
80
6
-34
-56
31
88
-77
-84
-54
-52
-36
0
0
-27
-41
-46
-1
61
11
17
-3
52
40
94
14
60
44
91
-12
3
4
45
-19
-83
45
56
-41
-80
59
-52
-29
18
10
9
7
92
68
92
-99
19
30
23
-47
-19
12
-6
-89
58
-30
-41
9
11
-21
-86
-69
0
90
63
56
-21
-87
20
-85
-45
52
-37
78
-55
-71
-64
79
61
16
-22
-65
97
17
-58
68
-41
84
38
-80
-27
-71
24
-23
-6
75
16
-86
-29
-91
35
-20
44
-54
-27
88
-31
79
37
12
41
26
82
48
-37
-88
-33
-58
-79
-59
18
-83
35
-89
79
-9
-49
-85
-48
-10
62
-67
76
64
-43
18
12
-52
-30
-52
-33
55
25
92
58
29
42
-63
-80
53
-50
66
29
-80
73
62
-30
-98
-96
-25
48
54
98
69
-17
34
79
34
88
-94
82
89
24
94
-49
5
-48
-64
46
75
75
-51
38
-31
13
-83
78
59
2
-33
-76
-72
55
40
83
94
-63
-2
75
-77
97
-66
-86
80
-8
53
45
-85
-85
89
-93
3
4
47
-57
51
75
-23
-10
20
71
79
58
-89
39
-16
24
80
91
-84
-63
58
-6
-32
15
9
44
-75
17
-75
29
-29
-75
-78
-15
-36
-42
2
48
-58
-2
98
-84
98
-61
38
-81
45
-45
46
-12
31
-58
-65
-60
71
-36
-36
96
-12
-97
18
8
-34
-9
0
-27
-46
-36
13
-32
-70
54
-7
-81
73
77
92
95
69
55
2
-20
44
-99
2
82
-47
-22
-75
65
-68
33
-37
-95
-18
-28
-15
-41
-92
-81
-64
-84
82
48
60
-49
80
-62
61
56
-78
-98
37
-45
-66
19
-37
0
46
72
84
11
93
30
-58
2
14
-96
0
41
85
82
87
-28
80
1
86
13
-58
-53
17
68
-64
-34
-55
-19
-12
27
-3
-5
-72
-37
-53
25
22
-55
-18
54
-88
84
46
-28
17
76
29
2
67
54
17
-49
71
-29
84
7
8
90
-20
63
-82
72
34
36
-22
-22
71
10
-3
-43
64
42
77
5
31
36
37
-15
5
-17
-52
-2
-1
-95
-89
39
78
-5
82
11
0
52
-22
-19
88
93
-49
-82
47
88
-15
-86
-36
-33
52
-52
54
-33
34
-49
0
-58
62
72
12
-49
-48
61
29
78
-71
-24
69
-83
-55
-9
31
74
-73
71
87
-65
-35
83
39
-54
46
35
60
92
-37
-20
-33
-14
28
89
-67
48
-21
79
8
48
85
-22
80
72
-81
47
-45
43
-32
65
96
0
-33
19
16
10
3
3
94
-59
-12
-40
55
88
98
94
58
-41
21
5
13
-28
21
-79
-34
-17
-43
60
72
57
11
-97
59
8
34
83
25
-23
86
0
-26
-75
-34
7
-18
-55
-96
-16
15
19
-61
69
16
45
53
55
28
-90
21
-9
71
48
-81
-26
1
-41
-54
-37
28
68
92
-37
-11
30
-55
-33
84
7
-45
50
53
-14
-16
-47
10
-57
-43
95
89
-26
18
35
91
-63
-34
31
10
-14
14
36
-38
42
15
96
-33
-49
-68
41
64
19
-97
-72
54
98
-69
50
11
94
-39
0
83
25
-7
-6
98
-3
-75
-62
-11
92
2
-57
-5
-87
39
-99
24
5
-78
-42
-1
-70
87
32
74
43
73
-89
91
65
52
99
29
-24
85
90
-6
-97
31
-80
74
-36
66
-33
-97
18
31
-83
45
-25
41
-75
5
-70
90
82
-18
-18
-33
-52
-65
-15
65
-24
75
90
-35
89
-62
34
67
-8
-13
-76
21
-51
63
38
17
98
69
27
2
58
78
-56
87
-4
70
-74
56
-16
-49
0
-83
54
-39
-12
-73
45
-72
-53
-71
58
41
-97
-75
-14
95
87
-12
53
16
-44
-67
48
3
62
78
94
-54
0
-78
-49
89
-89
-51
-32
76
94
-30
76
96
21
87
0
-91
-61
83
-30
-43
94
-60
-21
7
-42
-31
2
34
57
45
72
-99
87
-40
-84
-3
-44
62
51
77
18
65
35
-80
-23
-88
-13
-25
46
-75
-74
-35
81
60
19
84
56
51
-47
-9
61
-9
-90
-37
-21
70
-89
-5
-54
86
49
63
-70
-66
-77
-86
-27
-17
90
-41
-50
-97
10
69
94
50
3
-75
41
-74
-88
-54
-49
45
84
-17
88
-64
-72
77
0
50
19
84
4
28
-33
-3
62
37
-55
59
-55
-8
38
-5
-70
-78
14
12
39
72
-25
-96
-69
-31
-48
70
62
-9
-41
-81
-31
32
-35
-51
-89
65
37
65
-61
55
68
-27
55
-31
30
81
43
62
-60
-98
93
-1
0
56
-43
35
-78
24
63
1
-32
-17
-60
-76
-30
-43
24
-42
-34
75
-62
-84
-37
-10
-35
-86
23
-93
40
68
-47
61
-34
-63
-92
78
14
82
-23
-4
73
-33
-45
-59
98
-39
-13
55
21
93
79
15
-97
53
25
-27
-18
-84
-98
-1
65
29
-21
45
-43
23
-89
56
-61
84
95
0
-87
-88
-26
-95
-63
-99
88
-99
-6
-12
78
-16
55
48
0
-8
24
-12
-79
32
-95
98
39
22
-90
98
12
18
95
-51
-21
0
-72
-23
29
43
-9
74
-56
79
40
61
93
