10000
-59
-85
0
7
95
-61
34
-23
83
-72
-32
35
78
3
44
-25
61
96
-74
-3
-33
17
-30
-85
29
-38
-87
77
-34
-44
-12
-68
-96
85
-69
93
24
-78
-32
75
-9
-77
20
64
-59
-64
-30
39
6
23
58
-71
-53
2
-5
43
-4
-17
18
21
-58
-58
24
79
44
32
55
5
-72
-99
-80
-32
69
-4
-2
90
17
41
-21
-10
74
48
84
14
-46
-76
-35
-44
-28
-74
11
-42
-7
-51
-74
75
27
-97
-60
67
-12
2
-70
64
-83
33
53
0
87
-48
-74
28
6
-14
59
-1
10
-24
-8
34
90
-53
-3
-53
-38
-71
-42
-3
10
91
-63
-46
-70
84
11
65
78
-40
-27
-57
-76
97
-24
53
-60
-73
-19
-41
42
-65
85
-27
-7
68
-12
88
-68
-23
43
13
-85
98
15
-73
-21
50
-47
-29
-15
39
84
41
-16
68
-88
7
23
-63
-34
-80
-9
-75
-27
-57
37
-45
37
33
-63
53
54
-90
-96
20
38
-2
36
79
-52
-67
93
-96
-97
56
2
21
16
27
88
-26
-86
29
-52
-74
18
-9
-54
49
25
95
3
35
-20
46
96
-77
-87
8
-92
-7
-57
0
91
-95
-66
-32
21
-2
-76
-58
-37
99
48
83
60
-53
-14
19
-80
24
56
-96
-63
89
8
-33
20
-50
-64
-48
39
-87
-87
-39
-45
22
-88
-9
45
99
-87
87
-69
44
90
58
8
-11
-36
79
97
-55
97
-4
75
-39
-33
28
-38
90
-44
-39
-83
27
34
-37
42
37
-24
-11
92
-43
50
-84
-11
5
-11
69
-33
-68
11
-4
-10
21
-68
-33
5
73
-31
-39
-71
-5
-93
38
-80
-62
0
-83
-51
66
-32
-23
22
26
14
44
-60
83
-6
12
24
47
-81
-73
-24
69
-69
51
7
78
74
-26
-39
-60
-7
-24
-87
15
91
49
-24
40
37
-6
-93
-76
-72
-69
-63
76
-98
-90
-43
-45
14
81
-92
57
-83
-34
11
-90
-5
56
-71
-79
-30
-32
-3
99
1
86
-8
-74
46
-16
84
37
-95
0
77
-30
91
77
85
-90
84
-10
95
-34
-95
56
-75
-95
0
29
13
-84
-38
-24
-31
54
42
-18
29
99
84
-66
-92
57
-85
89
-59
-88
19
-61
6
68
72
-13
60
83
47
17
14
-75
-58
-67
83
0
91
57
-62
61
-80
59
-81
-47
-93
13
78
-8
-28
-4
12
40
54
83
25
-34
25
81
7
-75
16
90
62
35
-4
-70
-14
-75
-15
-37
98
-79
-77
8
57
8
52
-48
56
-88
42
87
21
-10
14
93
-60
84
9
78
-30
-83
9
88
34
-3
-29
2
77
30
-70
-56
-60
-46
88
59
69
-72
53
7
59
-93
75
9
26
38
69
-68
-76
-62
58
-66
-88
-47
61
20
45
81
31
69
-69
36
-65
-11
-18
-48
-66
-99
58
42
22
79
79
-2
91
-82
-54
-71
62
-23
4
29
35
-41
-56
44
96
-25
43
0
86
95
2
89
51
-23
-38
-9
-9
-67
59
-66
99
-40
23
73
-99
52
-67
-31
42
50
90
-44
75
-64
91
-16
97
0
65
-19
0
16
59
-50
8
-95
24
-11
78
-1
0
11
77
-36
27
-1
75
-82
61
-48
12
-7
-83
-88
-19
90
-34
-38
35
-86
-31
-35
-29
-34
64
-44
-41
35
63
45
-77
-5
-3
-22
92
50
-71
42
91
5
-74
76
44
-19
-30
37
-53
6
57
-59
61
64
42
41
-76
0
-26
-16
96
96
-66
10
-4
-58
66
24
82
-74
92
80
-59
-77
-3
-13
45
54
-70
-63
34
63
7
-71
-65
77
-66
-57
60
-79
-78
-35
-15
23
-43
-10
-75
-95
92
-97
26
24
-2
-54
42
-69
-52
-23
69
-62
-44
-62
-10
-13
58
94
53
63
-94
-79
40
-85
-97
98
82
99
11
-57
-74
28
-52
-73
-8
58
91
-24
-70
48
54
-53
20
56
-31
96
28
31
62
86
-44
9
5
-20
-32
-14
9
-89
-16
-28
-92
-89
60
-52
-57
-33
1
-28
20
-72
44
61
-34
7
11
-88
-41
83
-98
-76
0
30
94
40
-98
6
-43
42
-19
64
74
-44
-52
-45
43
5
51
37
11
-20
-64
19
16
-81
27
72
-23
52
49
21
-50
-17
44
98
-87
-94
-4
56
94
8
-52
52
-38
24
22
-13
-81
17
64
-96
70
28
12
82
-85
97
60
-54
10
-60
35
32
-88
71
-26
-88
-46
-7
-72
19
7
-4
-38
-47
62
-14
40
52
-60
47
-5
-62
-15
-26
33
25
-23
69
72
59
0
31
24
92
-18
35
10
60
-70
18
-9
-71
85
40
67
64
40
98
-33
-32
-53
-84
-91
63
29
-10
-63
95
73
92
20
-36
-98
82
-11
20
73
-60
-1
-48
14
-41
-55
83
21
68
-14
13
-36
65
49
-4
-93
-2
72
62
72
-51
67
90
-68
86
46
26
-28
25
-97
-3
-48
3
4
-94
72
-76
76
-72
26
-20
-93
99
15
-71
-23
8
-84
37
-23
-80
35
-5
-21
-37
-61
81
36
71
60
48
20
-29
99
42
42
-36
67
25
-91
47
72
55
76
30
-93
-52
57
56
-54
79
-85
16
48
-53
76
66
61
-12
69
-27
97
98
81
-65
92
-24
81
61
68
-90
-35
63
96
-3
-11
17
-13
18
-39
-98
65
35
-29
94
-60
0
28
8
-74
98
-88
-17
-33
-71
-93
46
-71
-36
-23
14
-42
10
0
90
78
-75
88
59
-9
-22
-18
14
22
-27
79
-6
70
65
-70
-9
77
-29
25
94
35
-7
88
-68
-37
94
63
88
-94
86
-51
33
-76
-39
-66
44
-67
89
-44
-91
-57
-82
-4
10
-57
-84
-76
18
-72
88
26
-36
99
-56
98
3
25
-16
4
19
20
12
18
31
-85
24
98
-89
-12
67
28
20
-8
76
-50
13
-95
41
-57
-98
12
9
49
-75
-64
25
-88
70
-12
-70
-18
19
24
10
-50
63
-7
-67
-61
70
70
84
-29
-32
49
-65
84
53
99
-23
-13
34
-54
-38
89
66
30
3
-26
-65
-33
-50
24
-35
-38
-93
-94
-43
-16
-26
80
24
12
18
24
16
-95
-10
-60
45
-24
-58
-14
-62
83
30
-34
38
66
-16
-38
-62
-51
-51
13
21
-8
75
-29
8
-89
20
-99
-58
88
45
92
20
0
22
67
-17
13
-59
3
5
-77
-84
-7
62
-85
-12
-79
79
92
63
-40
10
-88
66
57
-94
58
-87
-77
-85
41
-59
-20
-91
-39
69
64
-22
0
29
-43
56
96
-44
57
-99
41
3
-19
89
57
72
83
-47
72
95
29
81
36
98
-23
97
-37
-53
-33
67
73
19
7
-48
22
-64
-25
-16
33
55
44
45
70
49
-44
86
10
-7
-5
95
-66
37
-94
-50
-61
-71
23
-88
66
-78
-50
18
-81
85
11
98
-83
-99
-40
87
-72
37
18
-6
47
-21
32
-24
60
91
-68
48
-70
37
4
65
-91
-97
83
-52
79
73
69
-87
81
-97
79
-49
-59
-81
46
76
-89
-13
94
-76
-25
73
42
-48
35
47
6
55
-67
0
37
82
65
46
88
18
-16
36
74
-84
30
82
93
-59
15
49
-51
14
58
12
-85
1
-83
32
22
22
9
-88
13
30
-56
39
9
84
-73
82
-87
68
-29
-72
-20
2
-55
-5
76
-44
-21
15
-39
-70
69
14
-36
5
-61
38
-49
8
-71
80
-19
-83
-15
94
87
-79
-14
-95
-89
-23
35
-36
56
-67
49
64
88
6
-41
12
-71
66
-2
52
10
4
-32
95
5
-24
98
-48
94
-17
60
-7
-29
-50
-98
56
-25
-6
79
29
18
-98
30
-83
-51
44
77
14
0
17
-69
53
13
-26
89
-20
19
46
-48
-87
-15
-36
-43
-94
-50
38
40
-11
-52
-57
-57
87
-24
-73
-83
97
71
-28
41
40
64
-95
-23
-2
68
94
-51
19
-12
-78
-73
-26
26
13
73
64
58
-73
-16
-96
-27
44
4
-29
-23
-27
-81
-33
-8
-74
81
-60
65
-18
-66
-58
48
-30
49
-28
35
-46
7
57
-55
-4
93
30
98
33
-1
-41
72
-93
64
-19
13
58
-97
-85
79
-25
64
-16
21
-54
41
-55
35
74
-18
68
7
-18
-9
-35
42
54
-81
-18
-12
-6
56
11
-7
32
-93
-25
23
-17
26
45
29
2
8
98
34
15
40
56
32
21
48
-1
61
-53
-59
47
-35
40
-87
-12
45
-75
-16
50
-24
-9
-81
32
-56
57
-35
79
-21
69
22
-62
-74
-97
40
-63
72
-53
-97
-51
-86
-12
2
-90
-86
-72
-95
-28
16
-84
49
-56
-54
-64
50
69
-57
20
86
-98
47
79
-44
-47
-68
-29
55
0
14
19
-6
-54
31
-49
33
-26
0
0
25
89
-27
-25
77
-91
84
-85
46
-30
-25
-47
1
32
-68
-9
-36
85
-27
-90
-8
19
14
33
-45
-30
96
19
97
3
-5
-83
59
-64
11
78
-92
85
13
-61
-53
75
-95
78
99
-15
-97
69
6
-97
-28
-85
-49
95
96
40
48
-3
-94
-27
28
33
-26
80
36
-25
7
83
-16
-48
74
20
38
95
81
78
35
-10
-82
72
16
-76
98
15
56
73
49
-63
35
-65
-12
45
23
-87
64
64
-83
42
92
-73
-82
0
20
-3
-90
42
14
84
-19
81
-73
-21
36
57
74
-99
32
-63
27
-33
-19
-79
-35
88
0
19
40
23
-67
95
71
23
6
38
27
68
47
-69
97
24
-33
-65
5
-71
-91
-59
-90
-65
-20
37
-57
-42
92
5
-77
-8
-36
20
17
-64
-87
92
20
-45
-60
-98
-83
-20
-44
70
82
48
-9
98
90
-98
-84
-40
-80
-57
-86
-94
-71
86
30
-72
-68
-13
55
35
2
2
-52
-17
20
73
-88
34
71
20
21
-9
74
-48
-64
44
1
79
5
29
29
14
-48
-20
11
-7
58
-81
-33
25
98
-38
45
-91
66
31
51
50
-74
11
9
-87
95
44
83
56
-26
40
13
2
42
-54
-56
50
7
-13
-99
-51
-22
-38
57
-37
42
48
40
86
-10
-96
-49
-30
21
-76
-26
-59
39
-33
-29
-31
48
-87
40
17
-60
-87
63
-84
-81
62
-53
9
48
-92
12
-4
24
-88
12
38
-19
-85
-35
-27
82
-65
90
-25
34
-78
-31
10
-63
-1
-57
33
-41
-90
-66
-90
51
-8
45
-31
-52
94
42
76
15
11
85
72
69
-18
18
-35
-76
-63
99
-21
5
21
-36
27
-55
-23
-60
42
-85
-77
68
49
-90
51
78
50
-47
70
85
81
-71
49
75
16
58
98
1
35
-63
47
-76
-53
84
33
40
67
-97
-6
-80
34
-24
67
-72
-68
65
-70
-46
-65
-57
-13
-22
-78
-88
63
-18
-9
-60
-48
-96
-5
-61
65
-89
69
83
36
89
75
-42
0
62
-72
-26
-66
-23
68
-93
0
20
-87
68
73
6
1
-61
63
-70
23
89
-95
24
-15
-78
35
-89
-16
43
83
-10
18
-41
-32
-25
-56
-94
-13
-92
-33
72
-23
-79
52
58
-88
75
-78
95
65
-45
56
8
-22
-73
59
-38
-27
-73
10
39
-30
90
11
65
1
-10
-55
-38
-18
-36
-50
-86
-67
-55
-77
54
-33
-30
-43
-64
42
-15
-45
63
-74
15
-35
-1
31
-73
70
-87
-40
-74
-16
73
42
-77
97
98
16
77
20
-59
-90
-87
-8
-65
-10
62
-48
46
7
31
-67
61
66
62
66
-13
-68
76
91
75
84
10
-80
37
13
1
-52
-23
-5
12
71
4
-53
-53
65
-96
65
-14
-63
-12
-4
63
39
-25
-9
-17
79
54
99
48
-23
-31
63
-98
86
-93
33
-67
-56
-91
-19
20
23
44
-6
-25
12
85
7
23
49
-88
63
-68
-96
-23
10
-48
-21
37
-92
-65
21
-4
-57
94
28
-32
-10
82
65
32
66
-97
-60
-55
-87
-13
66
71
2
4
-68
37
-18
-21
74
-34
5
-47
69
82
-80
25
96
48
19
-79
21
-42
0
-99
77
20
-23
-58
78
61
78
64
-88
45
95
37
-39
81
-8
31
89
-59
-43
-75
-22
24
31
-35
-20
-76
1
95
-32
13
-65
-9
-81
-86
52
70
-63
69
98
-27
-96
59
78
76
55
33
-89
99
-57
62
-97
27
9
-87
37
-16
-32
35
-34
79
76
42
-65
-98
-1
90
-39
50
-45
69
27
-97
-91
42
-49
24
12
43
92
5
-42
7
62
-79
83
-19
-12
74
9
69
-36
-68
-51
-40
70
-33
-48
-13
24
28
-74
-76
-42
10
-69
-63
-55
-83
43
2
50
-25
21
-37
-63
70
-33
-52
-96
47
-54
-40
91
28
55
44
67
32
78
-59
-48
66
54
-69
-56
-67
48
37
74
76
-12
72
-77
-50
-18
24
53
15
42
-90
0
-79
75
-48
-75
-72
62
95
50
-82
0
8
-46
-4
-48
24
81
-62
-25
-31
-51
-6
90
56
-20
-7
67
-85
23
-98
-21
53
99
-31
85
75
47
0
-35
8
-5
-75
92
93
36
-26
-96
6
91
44
-86
5
-40
60
29
26
-74
30
71
45
89
46
-99
-9
-38
-93
95
-48
22
-23
43
43
81
2
23
60
29
14
97
-20
49
44
33
77
-8
78
54
-93
-85
48
61
1
71
-2
-4
-53
1
-11
54
-57
-79
-5
-65
-20
52
-83
-23
13
76
14
-38
-28
69
-80
55
-66
-45
66
66
49
-21
32
67
46
-75
-69
39
-80
-59
59
-15
-30
-99
-37
20
32
49
27
-17
-6
-99
-24
-29
81
48
88
-13
-73
55
74
86
0
-92
99
70
89
3
41
20
96
-24
-46
-75
14
10
12
-93
-34
-86
28
-84
-75
-38
-85
96
-28
48
53
38
-10
-91
17
41
17
-85
0
91
-79
-18
47
65
80
-37
-49
-88
-13
46
83
69
40
-59
61
-66
-62
18
84
85
-99
57
-79
32
-13
-13
16
-2
-46
94
96
89
20
71
-47
-80
-90
-92
-44
59
-60
-75
27
-46
54
32
-90
-50
-11
4
-90
7
-25
-47
-72
-4
-15
-70
-30
6
-38
37
-23
-72
35
74
-79
-89
-99
95
-21
-43
-25
-21
27
25
-66
83
76
-97
43
51
88
-1
0
82
40
-33
-50
30
-49
-28
-28
61
50
76
-61
-83
-73
-78
-17
72
-41
-7
3
-48
0
16
-3
62
48
44
48
-79
80
85
-56
-51
-85
-68
-75
67
47
72
-84
69
-61
-57
-99
3
-11
26
69
54
89
-13
-77
-38
30
-14
1
47
67
99
13
-40
-50
-88
30
76
-6
96
96
-67
-56
-87
76
-11
-81
-57
-79
-54
98
0
55
65
53
-55
97
-13
-15
83
-35
74
-34
-36
86
-96
-32
6
21
-20
-7
-17
-24
69
-33
97
-70
83
60
73
-88
-76
-60
-60
0
-86
-70
-33
-49
58
-13
19
-80
60
83
99
47
-31
99
29
7
36
18
-61
44
95
-47
99
73
22
3
73
26
-54
-4
-65
0
-86
26
-64
78
49
-56
79
-23
-5
65
55
24
12
-62
60
18
44
36
-35
44
13
-55
32
-29
99
-42
-45
-56
-47
-98
42
57
28
84
62
-83
14
0
-32
11
-19
96
48
44
-81
10
17
48
89
76
-98
-24
-87
-15
-93
12
85
28
-10
80
96
-78
61
88
91
46
-76
-94
24
-67
-10
5
-89
-20
31
-98
68
-82
77
72
-9
84
19
-74
94
-75
-23
8
96
16
29
28
11
-79
43
93
-55
-20
-48
-78
-95
1
-69
97
-90
52
-81
-23
92
-81
14
-94
27
-36
6
-4
-87
-63
41
69
-47
33
-99
-89
39
-43
-40
53
20
69
16
58
38
69
90
64
-3
-24
-90
3
51
-12
-20
-9
-38
-77
-50
11
42
-49
15
38
-87
21
-89
-86
87
44
40
-6
-21
50
18
52
-27
21
-82
14
-78
-2
25
-90
-69
-43
-45
21
-82
58
-99
26
-58
-69
-81
88
-38
23
91
31
-61
57
-11
-64
-33
32
81
-83
-38
0
-21
-50
25
-21
-78
55
88
-97
55
-94
12
0
52
-38
63
-36
73
28
19
71
-61
48
58
79
98
-45
51
-8
89
-28
-64
87
-51
-52
46
54
-85
-25
47
-28
-79
-47
47
33
2
-52
53
15
-18
30
60
18
-2
36
32
-15
2
-68
-32
80
-17
-9
-29
-75
-8
55
-76
78
29
-84
-24
-65
70
49
74
38
-1
-37
37
45
43
6
69
-78
-56
-47
84
-37
23
59
51
35
20
-21
47
-50
41
44
-67
-46
49
60
-1
33
-84
18
66
-78
-91
53
48
-1
-21
22
-25
-36
4
49
-32
0
-29
-31
-40
27
56
56
61
52
28
-18
51
-82
78
-79
-6
0
-97
44
57
-28
-16
-45
16
58
-90
-29
-10
-90
41
74
-43
-1
69
-40
-47
64
80
-91
-99
-62
4
-95
-46
-78
-72
69
30
-98
13
-26
97
63
24
12
57
-31
85
-40
-14
-87
11
-54
-81
-56
-53
81
72
77
75
-49
5
48
34
60
28
18
-3
18
28
6
19
-38
28
-97
-19
35
-30
83
-17
88
94
-3
-76
98
42
-23
-34
-87
-42
-4
-80
63
87
-83
80
-80
-98
1
8
77
-6
-75
30
61
46
23
-47
-35
-39
-29
46
48
0
7
61
81
57
67
-37
83
59
83
8
-12
-47
92
17
54
83
19
-75
0
-55
34
-60
-24
-64
68
80
-47
77
82
78
-53
-87
-63
90
36
-71
-92
-6
-31
-27
44
0
47
65
-57
-43
-65
-54
-39
64
-96
18
45
79
12
-54
-99
9
-54
-65
83
80
3
-22
0
96
11
-31
-58
-1
-81
12
-22
84
86
-34
62
-52
-50
77
31
-57
21
9
-75
71
-59
-19
76
-19
-48
57
-89
-19
24
43
10
-79
-65
69
-10
79
15
-31
87
-78
28
-29
-13
-82
-42
-35
-91
-95
45
-21
20
-57
38
89
63
-46
62
70
-31
-65
-68
-24
99
27
52
-23
-40
19
28
62
-26
-97
-83
35
-70
53
-62
48
-7
65
66
-95
20
-47
9
-89
-11
-19
9
2
-87
-29
-30
-85
-81
11
-74
-89
85
22
34
-75
-27
93
86
-99
-50
80
48
-61
-29
-80
-72
11
82
-91
38
-41
93
-3
-45
-31
15
-70
-36
44
-85
-81
-97
-32
-80
-86
-67
-40
89
76
-15
-96
14
-89
-40
-6
43
-46
-22
-62
-9
-37
-76
49
-50
37
-45
-42
-96
25
77
28
38
30
61
64
36
-90
81
-83
-39
-51
-59
63
-5
-22
-95
77
37
-63
29
39
-34
18
87
66
92
18
-12
-91
-18
24
60
11
-89
59
-98
33
-5
79
-58
-70
49
82
-26
-85
76
44
57
55
-87
-68
-96
-3
-48
42
-65
31
-48
16
74
43
71
87
-66
3
25
-28
-29
-88
-72
16
-13
-38
-76
-3
-28
39
-40
-73
72
49
-72
40
-32
-61
40
-14
34
-48
-60
80
99
-98
-18
-82
-96
-65
-86
80
3
-14
80
-58
96
-29
-99
36
-2
36
-56
-41
-41
-66
-86
-16
8
-2
50
62
-51
-31
-43
0
-30
-67
80
-27
-75
96
96
-79
-48
-69
-84
-79
37
78
48
-38
-14
-47
27
-7
50
62
-88
98
-17
-52
24
-7
19
-91
91
12
-98
-89
14
1
-27
37
42
99
67
88
57
61
-87
59
42
-1
85
22
11
-93
37
-59
88
-6
97
-26
68
-88
73
2
99
40
-67
99
57
-52
-30
-69
67
18
-23
-40
30
18
-6
-71
-19
50
-21
-88
-88
-24
-42
55
28
-27
-83
38
86
-12
-27
54
-13
-3
-83
-2
71
82
-31
-31
31
48
-25
-61
12
-48
51
46
-13
45
39
31
72
-68
-57
-72
10
-40
66
-95
-4
49
16
69
-68
-76
98
59
-94
-11
-35
85
-46
90
49
-87
68
-20
-48
90
-22
49
-55
-45
-2
-12
-14
12
24
-58
93
67
-32
52
42
31
80
-75
67
-94
-50
14
-7
-64
-18
-83
-1
-65
-3
-18
72
-63
17
-34
99
-46
-59
19
-50
23
17
60
44
-94
-25
-50
13
-10
-92
14
58
-56
64
-14
30
83
49
12
11
65
40
98
-13
58
18
-84
73
96
-97
97
4
57
79
88
-15
-43
41
-97
88
49
13
-64
93
89
20
56
-33
59
-67
73
72
-8
46
-2
-79
73
74
8
48
90
50
-78
29
-50
30
-28
-47
11
69
81
19
48
5
3
51
68
-6
96
72
85
90
57
19
81
78
73
-45
12
-86
47
66
-88
-46
57
-19
2
4
8
37
17
50
35
10
22
-63
44
-56
-71
-40
-22
72
-80
-22
-30
4
-28
3
84
70
-39
98
-87
59
-28
92
58
0
-27
15
52
26
-51
-20
-36
-99
72
-2
32
-79
-21
24
-27
40
-97
51
24
32
30
65
-34
88
91
-63
15
-40
-97
17
-20
49
84
-16
84
61
-49
94
-1
61
7
92
29
95
35
-45
68
-49
89
84
-33
70
6
-2
95
1
-58
-40
75
49
61
-50
1
1
39
-55
-56
44
-81
5
-81
26
2
42
-37
94
73
-23
26
14
-12
52
-16
-17
-78
8
11
-75
49
-45
-36
-80
-88
-78
-5
-68
-19
-66
-72
-19
12
-77
33
70
30
53
-28
-96
-86
38
5
65
45
6
41
2
84
-4
82
8
98
86
-30
81
-19
66
87
95
-7
-80
60
25
-45
26
98
-54
19
-89
-28
50
-68
-36
-22
-82
-2
-33
-87
44
-55
-94
46
-12
-34
20
15
33
-77
53
8
-49
-75
49
44
-2
30
44
0
29
60
0
-55
26
76
-54
12
-2
17
74
62
-90
-61
73
25
-75
59
49
-25
67
-95
-49
92
60
-7
-64
9
-36
-19
6
-76
81
-5
48
-8
-4
-59
-99
42
-85
72
-59
56
9
0
72
85
-70
99
-96
-54
69
16
-11
-95
94
11
31
-28
-34
16
68
-41
43
-68
34
-33
-22
-1
22
-99
53
-15
29
96
-41
-72
-25
-17
-38
-36
71
-8
33
83
-83
0
-18
84
5
55
-39
-29
28
83
20
-51
14
-74
-43
93
0
7
-39
-91
30
74
45
8
0
49
-67
30
-47
-39
95
-77
-39
-13
56
-83
21
-56
5
-48
-86
-45
-50
-33
-63
-16
71
-3
15
-20
-31
-89
40
-83
-47
74
-44
-19
-31
29
88
-26
-43
-92
-77
-20
-1
6
-75
99
80
62
93
-43
-50
-77
58
83
-9
44
-47
74
97
91
-94
-36
-67
18
-39
-36
-82
-61
-89
27
-50
-5
81
-45
-97
-8
-76
22
-70
-12
89
-84
-16
-24
98
6
95
37
75
-79
-35
-43
-73
-5
62
69
-52
-84
-80
-67
-76
-3
-31
-93
34
9
87
55
-14
26
-44
73
-46
93
-39
-2
-59
62
95
-16
6
-1
48
10
-9
-29
87
75
70
26
44
90
-43
-49
-80
32
-57
79
-31
63
-62
-71
-25
-36
39
-74
-50
-74
-25
-86
54
63
40
-56
21
-86
-57
42
-92
-37
32
-48
-86
-35
-13
70
-14
-75
84
67
38
-32
-67
50
73
74
-98
28
79
82
84
54
33
18
-1
-31
76
55
13
-17
-70
-86
-99
14
-32
50
1
-15
-72
54
62
92
-71
37
27
-57
-51
72
-21
-12
-10
-39
-64
-91
-58
39
29
40
56
20
-99
48
31
87
-92
63
49
29
25
-70
71
40
-8
-91
-78
26
91
-54
25
-26
-27
-69
-82
55
-88
-14
81
68
-68
-23
66
-88
-26
22
67
71
98
-6
13
82
9
-50
66
67
-71
70
-21
-12
64
90
-32
97
5
-56
53
-32
40
44
-78
-31
9
81
-39
2
42
87
67
-92
-66
-46
-91
60
-49
-93
-54
33
-96
30
-82
-11
13
-59
6
77
-53
28
57
22
58
20
-93
48
55
72
-74
-49
-57
38
15
74
-42
90
-40
99
74
61
76
-74
97
-55
-34
58
15
-12
72
-63
80
-1
-84
-76
-47
31
61
-16
-26
-39
-73
98
-60
-4
-40
-31
-33
89
13
-30
40
-91
-56
-56
59
-39
-9
20
95
-72
62
-41
-22
-94
-9
-86
-24
23
97
33
-79
17
-32
-48
-26
-57
89
-58
71
-2
-66
-91
-14
92
67
79
-29
48
99
-69
-30
89
-2
-83
42
47
-96
43
43
-82
-36
-74
52
-20
-47
-29
-52
-36
15
28
-89
-69
53
-5
28
22
-87
23
97
46
-15
96
5
-85
29
-40
-57
-12
73
-41
-90
70
-6
30
-28
-38
52
33
-37
-55
26
85
12
43
-13
-24
-69
-93
87
-23
-39
62
-69
36
65
-35
-5
-40
46
90
20
-51
-13
-88
89
-41
80
65
71
-36
66
22
-17
-7
-78
-90
86
58
-1
71
32
-45
-68
23
-63
65
-70
-35
-72
81
-6
55
44
-30
35
-33
45
-95
21
40
-82
18
-52
-23
58
-98
27
98
80
-59
-13
41
-56
60
3
-18
93
-58
25
0
36
3
75
52
-11
-74
74
57
-44
-39
65
-79
94
-36
-74
-17
-27
19
43
-64
52
-40
-85
39
-97
93
77
-46
82
64
-69
75
74
-88
47
48
-3
61
-96
30
-71
27
-33
-37
15
64
-76
61
-74
-30
5
-25
-54
-7
-61
-37
-73
-10
-54
-15
-95
-59
20
-57
58
92
-47
32
-72
-62
63
-92
89
-88
99
-93
-80
-4
84
57
93
42
20
-4
-85
-8
-24
-47
-2
-87
-82
51
-71
57
0
29
-9
0
35
-79
10
-49
48
48
68
-14
0
84
83
-28
80
20
7
-67
36
39
-96
31
-46
26
-24
-97
62
-28
10
67
-74
-11
-94
-73
72
-8
64
9
-87
70
6
62
-50
-79
-53
-13
-55
32
-38
43
-64
0
73
29
20
-53
46
-91
8
-70
-41
-95
84
-60
-27
91
56
79
-56
47
64
-49
53
-99
-78
0
-3
-75
-54
-5
-16
58
-82
29
-54
-56
-15
-28
-92
82
91
-21
22
16
51
20
22
-22
-67
-55
-58
24
0
-88
50
-18
54
77
35
-13
97
4
10
-39
54
-63
-65
37
30
-11
-37
2
-79
-83
-40
-83
-23
-50
34
4
18
61
-21
-64
-60
-10
79
32
10
59
58
51
68
-34
-98
51
24
-68
-81
-24
92
-64
-64
-54
-30
-94
-72
7
-4
32
14
42
-12
-42
20
-52
12
7
-41
17
77
73
36
48
-37
-81
-31
-79
95
-73
-37
-70
48
-94
78
87
78
-95
-79
55
-23
92
-25
-67
-53
1
35
-53
76
-92
-8
47
76
-59
7
-82
77
-95
-61
86
-78
33
-95
-66
68
-27
-88
25
-59
-67
2
-42
7
-15
-80
-54
85
4
63
-60
10
-23
-86
-74
-81
-10
-55
-69
40
-95
-82
86
-29
-74
23
38
65
-96
70
17
-65
50
7
9
-41
70
-69
61
-36
83
-68
-61
-80
-21
-96
-52
2
-93
87
55
-76
10
-85
-82
-94
78
1
-21
61
71
-40
-45
62
6
68
-32
61
-23
87
-58
73
-24
46
-72
-27
-41
95
-55
-7
-91
52
2
45
82
69
-3
73
-13
-5
49
-51
-83
93
73
-58
77
31
88
76
12
-57
36
-88
-95
3
-7
96
34
1
24
41
49
-50
24
-24
12
-72
87
-20
-80
34
-29
83
54
-32
81
95
61
97
93
46
24
-35
74
-53
21
-93
-77
74
93
-8
84
16
35
-50
12
-21
68
39
33
-19
51
0
50
-19
66
-23
34
-70
-51
78
9
72
41
9
-18
-80
-5
-59
-37
22
-98
-83
0
-39
-39
8
2
-5
38
-72
-46
54
-37
-57
28
-74
-47
75
27
-56
-58
-6
-10
63
-6
29
-24
62
-80
-27
-37
15
-97
-17
-37
-55
-13
63
59
-18
70
96
34
-97
-57
-94
-26
11
3
-79
16
54
-12
-19
69
74
49
-2
31
82
11
-86
72
57
96
0
-52
27
-31
-49
-61
70
18
-99
98
-83
65
-44
15
-90
2
34
63
-47
-35
-1
-42
-27
-44
-22
38
62
-45
-46
-55
6
-15
60
-95
92
81
-78
68
-79
-39
-6
-2
63
22
13
-86
-73
29
-54
-76
-18
-46
19
0
-7
-72
-6
-23
56
28
66
9
-87
82
-72
36
20
-6
94
-38
17
10
3
-7
-43
-48
76
12
94
13
45
59
-17
9
13
9
3
66
6
-39
9
68
45
40
-90
-18
-63
-73
44
65
9
-90
94
88
-29
94
-83
-8
73
-65
-15
-59
-83
4
-44
-49
-20
-47
55
-50
-96
-73
53
60
23
-36
38
-58
-71
28
0
-20
72
-32
77
-79
-90
21
-95
85
-93
-37
93
43
61
88
84
-4
-91
-91
82
-95
83
-49
15
-24
97
-94
-94
-13
21
88
87
97
-89
39
67
39
15
77
-39
79
83
62
83
35
90
-93
-74
79
84
-18
-69
54
-35
-65
83
11
-33
-44
-42
-46
43
-30
-3
-34
94
-96
-89
5
-35
-87
13
-20
-37
97
77
11
-45
83
-44
-18
60
-38
-62
18
-31
-23
63
-67
-72
62
59
86
30
-37
56
96
-14
-97
-74
-76
-52
30
20
40
-35
-15
-41
-35
46
-23
-7
-52
6
46
31
-45
-39
58
-58
92
-51
62
-49
34
-6
50
-24
21
-5
66
73
-55
-74
77
7
-74
-20
56
73
-28
-94
44
84
-46
65
99
8
0
-85
-68
-25
-12
52
10
6
47
83
67
19
25
-92
12
-98
-14
44
68
56
-93
46
10
3
-34
-78
-26
-6
54
96
15
-16
-8
4
59
40
-95
76
98
-23
21
85
10
66
-27
19
-73
-7
26
44
92
-34
-41
50
17
-78
18
93
9
-86
45
-38
33
68
-56
-99
-37
25
-11
-31
-89
57
8
-37
0
-49
10
73
-65
-86
22
-52
4
-53
-60
-83
-91
43
73
-51
89
-37
-48
-16
-49
-28
-38
-71
89
33
57
58
-21
-85
77
-85
-69
13
9
74
-25
-45
6
-23
-25
18
-36
49
3
-82
60
-58
-52
-39
86
-9
-51
-40
98
-55
-42
0
-1
18
94
34
32
76
-78
-92
-89
97
-13
11
-96
-28
-60
25
-63
-74
25
83
38
-5
82
38
-76
-11
-77
66
-31
-14
-35
11
21
96
-56
71
-3
25
47
6
58
-62
18
-32
28
15
93
-68
24
3
90
-57
-25
-45
0
-88
37
-28
-73
-32
54
-15
37
11
73
65
94
2
-6
49
-19
16
-94
-6
-31
-23
-15
-48
-28
-44
75
-20
-58
45
19
28
-25
-62
-82
-91
-52
73
63
43
-97
48
-74
16
-84
-34
48
-75
-18
79
-82
-81
-82
-90
3
25
77
5
61
80
-22
1
-8
-94
-10
99
13
-54
76
-85
-81
-61
-15
74
69
-29
94
97
91
-13
43
-60
-56
77
28
14
-55
98
43
2
51
3
-32
-50
98
-19
-33
34
-17
-46
-66
59
-69
18
60
35
-79
-54
8
-8
6
97
-40
-12
83
21
88
83
17
-53
9
91
-69
37
81
97
8
37
-75
8
89
-33
-81
-81
81
43
-96
-84
-18
95
-71
32
39
81
58
30
-5
62
27
-21
-35
75
-62
23
-4
-11
-35
32
-89
-55
-44
11
-85
-60
14
-25
-94
-8
-81
-9
-54
91
92
8
-20
0
66
77
86
-2
78
93
-61
24
-23
15
-97
-56
-66
34
-48
-15
27
-57
-51
24
42
-96
-30
-59
80
-25
16
15
-8
-36
-37
68
-15
-47
77
81
55
2
-28
68
-18
-27
-54
79
53
91
-9
56
98
30
21
-59
-51
64
-67
82
44
-63
98
-11
-60
-22
-53
-56
1
6
4
37
-79
-59
79
89
-21
-76
57
-99
73
-26
-6
84
61
-6
-18
-89
-13
-18
-90
30
-26
15
-46
34
-68
57
67
-67
9
44
60
91
0
-6
75
71
26
-98
95
-70
75
71
83
92
30
-19
87
-97
48
-38
-97
-50
-71
32
-79
3
47
-43
13
10
-13
-69
-15
2
-7
-66
-23
87
-67
67
-17
75
-98
-79
39
-81
-40
84
80
74
-34
70
35
-26
39
-2
-20
-41
-30
0
81
81
17
37
0
-81
27
44
78
-64
-59
12
-10
33
54
76
18
-97
1
45
-78
-16
20
-92
-63
-61
81
-72
66
50
43
5
-40
16
-76
21
99
-8
-20
75
72
-85
-9
-65
-82
93
-39
-11
69
-57
83
49
10
-95
95
-52
-81
-60
73
-56
38
35
11
88
99
-15
63
-35
-8
-56
17
84
-6
10
-60
-17
-93
-98
95
-25
-99
71
80
-48
-39
6
-42
-76
-53
71
-71
-51
43
35
91
-13
-80
85
96
-8
-51
-99
22
-86
51
81
88
-43
-84
-28
-78
-22
-6
-9
-60
-39
-52
47
-99
7
-22
73
-69
13
57
46
8
-24
16
42
-54
-18
-72
-74
91
17
-84
-26
27
-38
-89
-32
30
14
68
-21
-46
-40
-54
-36
-39
-4
-71
6
-65
49
-48
38
23
49
-65
-49
56
-68
-3
-55
-8
95
-7
94
32
4
-96
-31
-57
57
79
54
56
-96
-81
20
50
25
-22
-9
63
53
-78
11
-58
53
-54
95
38
-19
-14
-18
-10
-28
32
-41
10
51
-20
-92
26
-10
-53
-8
38
-36
2
51
-10
72
-33
13
-88
-93
-7
-81
29
8
69
-6
68
-33
-45
-70
37
67
13
14
42
-52
51
38
-19
13
-63
-5
-13
-66
-97
6
89
42
-73
-26
-9
25
-95
-22
-15
91
99
-36
32
66
-41
-60
-11
17
80
-89
1
-37
-53
-65
-21
-96
78
-39
-98
35
-67
24
-10
23
-73
84
77
65
0
-76
22
3
-49
97
-4
-73
-68
-28
81
-24
5
73
6
40
-90
56
87
88
-12
2
-43
29
67
94
93
-63
-77
-74
8
-26
-96
-1
82
45
60
-84
-95
-70
-24
0
-94
-92
20
-34
42
-19
-11
10
-83
82
-7
13
-22
42
-17
-69
8
69
66
7
-87
-39
7
-10
45
52
-22
-63
53
0
69
-85
62
35
-38
14
2
47
-47
-71
85
16
89
-61
-27
10
88
-79
-90
5
50
91
72
81
93
8
11
-72
-88
-57
37
-60
-17
25
-2
86
-65
64
-29
-27
67
43
-64
-37
-22
-37
69
-66
99
-85
-35
-33
24
-91
-18
-24
-23
5
3
-61
-28
-86
-57
37
-31
-35
8
-49
-79
-57
-59
-36
-52
-63
61
-78
-52
94
-39
78
-25
-50
42
-3
98
3
86
-85
-25
-98
15
93
-73
78
-71
-12
-26
-10
-62
52
-5
-25
-19
58
-44
-27
35
-31
40
53
-33
20
74
16
3
-84
-74
21
39
-53
-62
56
13
40
0
8
3
-63
-25
-38
-93
-70
-88
-87
89
-84
-57
-71
-38
81
32
16
-99
-62
81
88
-79
-87
12
-76
-17
18
-89
-62
-86
81
-2
-49
71
14
-64
6
-73
27
-67
-41
26
48
-30
-72
80
93
-26
-92
-59
-76
53
36
-19
-52
-30
-63
88
20
45
75
-73
-3
-90
-93
-3
3
28
-90
52
13
-70
-56
74
20
30
-33
-58
-87
-17
77
-85
-99
-97
-66
50
78
64
-34
-76
36
15
-43
54
46
94
69
-42
21
34
-67
77
43
88
6
74
67
23
-72
17
70
-93
17
-3
-50
-94
9
-66
50
-62
-49
40
-24
91
79
73
64
-33
82
-10
-11
-55
-75
95
-6
0
18
-15
15
90
-54
-14
96
72
95
-20
29
-19
-30
-38
-10
-74
87
-78
-14
71
-85
90
5
49
-77
56
-36
-37
27
-16
81
-42
-47
-19
84
-70
96
-77
-23
43
-19
-87
76
61
-63
-73
-55
-10
-53
53
-20
-67
-87
21
-24
98
-48
-39
-60
55
-33
-81
-30
52
-31
62
76
63
87
-24
1
-77
-40
-92
69
62
-42
8
26
95
-4
57
10
-42
85
63
45
67
92
42
91
82
88
48
-98
-58
-75
-80
93
86
-11
25
40
-75
-41
-58
-32
14
-99
18
-41
-76
-26
11
93
61
-64
4
45
67
60
-64
-81
-41
45
-32
-17
20
83
58
-17
-69
45
-76
73
-20
-15
51
77
-12
-95
-35
81
-22
-35
44
45
-61
-62
99
-83
4
-7
82
93
-33
63
63
9
-35
-15
45
-9
62
-89
-22
62
-73
53
-4
-65
20
22
69
-80
22
31
78
-89
-28
-31
-41
73
61
47
-69
-44
10
75
-73
-58
-24
96
65
-27
-15
59
90
31
-67
-59
22
-97
-20
73
-78
-85
84
-80
69
89
-27
-43
34
34
-2
-92
-85
-47
-21
-65
-99
64
-80
16
88
94
34
-8
-44
-52
17
55
-98
26
-60
-3
-55
57
-39
-95
81
-48
-97
-65
-7
-37
-63
38
84
-32
69
-40
-74
-39
-9
41
35
69
29
95
-91
-14
-20
-83
58
82
-59
49
-38
65
41
64
76
-3
88
12
-29
-30
-69
55
82
-43
-26
-52
-8
-20
-73
-14
-79
-75
-60
-38
-87
91
70
87
87
-92
-64
-68
63
59
92
79
-62
92
-28
-8
-5
-6
35
-4
97
60
-33
-32
39
-28
-82
-63
47
-29
-36
-1
-19
92
-10
-18
0
90
9
-30
-38
94
74
-98
-94
41
10
22
56
-18
-75
-82
76
2
-22
-88
15
-56
43
-12
-37
-15
-88
-49
-88
-7
46
-86
-77
-86
74
-40
69
-6
-37
-4
-76
-21
-88
-94
-27
-87
76
-79
40
-69
-57
10
-71
35
66
-47
34
77
-78
52
82
-72
-1
67
-68
-55
-29
77
-91
-78
36
-85
91
-21
-79
-89
-46
-9
66
97
-11
-25
3
-40
-98
62
88
-45
-50
0
-94
58
-19
-44
-71
18
-47
-40
-84
-58
56
70
-56
61
68
-13
30
35
50
-55
66
-42
82
65
-32
-12
-27
-82
-78
-33
43
-23
83
46
31
0
65
-7
0
66
39
78
-67
17
-6
24
86
99
30
22
-61
-2
-98
-8
64
26
-61
-92
88
-1
27
65
73
67
15
-35
-52
-97
49
27
-87
72
68
-71
4
99
-8
20
18
-74
-37
-16
91
59
84
-44
73
94
-39
-65
13
-63
8
17
-84
43
-49
57
84
88
-20
80
48
73
90
45
-99
90
-22
50
-70
-56
32
82
3
-23
49
-83
46
72
6
32
79
30
-79
33
29
-89
-66
-38
-4
52
-58
40
42
22
-52
-69
-28
-63
-62
28
53
52
86
-57
-27
-93
13
-12
72
39
-90
46
-18
-94
-6
89
-23
-60
-39
-20
-75
75
-76
-87
-77
84
-45
18
71
-34
-24
-33
79
51
-70
-93
2
-89
84
24
11
-63
-25
-13
28
12
-89
-79
39
-69
6
70
64
-35
-51
-18
-99
-21
-31
15
-26
-11
21
22
55
-93
16
-46
3
56
-99
-41
6
23
-76
-13
98
34
-41
25
62
-89
43
45
19
-34
67
-90
57
78
-77
-65
-16
-85
93
46
30
-71
81
4
40
-92
40
22
-63
-41
-36
78
50
53
5
-86
-71
93
56
44
89
34
15
41
72
16
-31
61
-20
-13
40
8
33
61
14
81
-60
50
23
93
-57
-53
71
63
-51
-45
43
7
-43
30
88
-29
23
-57
-70
-44
-14
-75
73
-13
-39
-58
44
78
79
-50
-35
15
63
18
80
1
-7
-25
-78
-23
31
-63
42
-54
-89
22
58
13
24
62
-39
-24
-63
91
39
-71
58
-59
95
12
99
70
-18
-22
-4
-77
30
73
-61
44
98
-50
-15
-67
-39
-57
49
22
24
91
3
-55
50
-50
-28
17
42
30
66
36
66
61
9
57
67
-62
83
2
-37
76
-8
18
-84
-98
82
98
45
87
95
-10
-6
31
-95
-9
85
-99
93
85
-61
-49
-40
2
-44
66
85
-45
6
-97
-27
-38
25
76
16
24
-5
-72
-62
36
51
-49
-22
-8
90
52
-38
58
-4
38
96
19
22
-22
-99
-95
-72
-80
22
11
-15
19
41
-51
84
-57
45
-38
-56
-81
7
19
70
41
-31
-81
-18
-51
-14
66
29
-38
-96
-11
46
61
-35
-37
0
-15
-55
72
76
-23
-90
-38
17
-71
-43
90
76
10
0
-46
77
-56
85
-29
97
71
45
53
-11
-3
-47
-18
41
90
-4
3
-80
-91
52
51
59
-71
-50
70
-95
-81
35
8
87
63
-70
-3
-56
-78
-19
52
24
-60
-14
0
75
-67
-69
96
-85
27
59
-85
86
72
-23
-93
51
-52
-18
36
95
14
73
51
-6
-53
-70
65
39
97
-48
76
-69
22
58
78
2
-50
-23
-61
73
67
-66
23
-62
-52
44
-68
1
-72
-43
61
81
-50
97
19
-74
-45
-39
50
-64
60
8
-54
30
24
-78
46
64
-42
-5
66
-96
51
-29
45
82
-26
-34
-1
-18
16
55
-91
44
45
-39
56
-36
54
67
-34
-9
97
-94
97
-30
55
5
-33
-82
11
17
96
22
29
98
12
0
-23
41
96
68
68
20
-33
87
-6
-79
-50
-57
12
11
22
-98
-91
-94
62
89
-98
-95
1
50
1
-59
57
19
79
71
55
39
-50
-72
32
-35
-40
36
1
29
-38
-15
-87
97
-94
-1
35
56
-74
-80
-50
-10
84
81
-76
19
99
49
72
-11
27
-2
-70
52
97
46
14
17
-16
-19
72
15
-98
-4
-55
95
-21
71
94
30
-50
22
-68
48
32
-49
68
19
-55
-13
-91
74
-13
-97
-11
83
52
-30
82
-37
12
26
-44
0
34
89
-62
92
55
27
-29
31
14
-86
-74
-47
-93
-28
-75
-50
29
4
27
84
59
9
74
35
52
21
-45
50
-70
61
82
-46
-49
-42
21
-53
34
29
-96
-77
-90
-13
-24
-32
22
74
36
67
-28
-86
18
-31
-24
-51
-31
76
-9
-49
-27
-78
73
-77
54
-84
67
27
54
-24
19
0
-78
82
-5
23
19
-38
-76
84
48
20
-14
77
52
70
34
-61
-63
-67
62
31
76
-59
-21
-56
-27
52
-6
-40
92
52
14
-5
-57
-26
24
21
90
-42
-17
-93
38
-61
-72
7
25
-94
-18
-13
62
-89
-64
-27
-6
-87
-53
-1
39
79
-92
-70
-98
73
90
1
-43
27
-26
85
-86
-66
-56
-10
-35
61
76
41
-84
-17
-11
-36
83
-93
7
0
18
-83
-80
-84
-99
-60
50
-4
48
81
39
75
-12
30
-91
-77
-31
-61
80
12
-16
-62
69
95
15
40
74
-21
74
83
-39
4
-77
22
-40
-63
-56
31
81
-41
20
-93
9
-15
-43
-16
-44
-27
-63
-13
27
-42
-96
-73
58
-50
44
53
-68
-21
-89
-73
-8
50
26
-79
80
-24
56
91
98
66
-1
-45
-16
-85
-69
89
84
-40
28
-77
-13
69
-17
57
-63
-39
-35
-67
-91
-39
68
47
86
75
0
58
-51
-49
-16
8
-75
-91
8
62
-56
29
33
22
-77
35
32
-55
61
-73
-69
10
84
1
-4
23
6
-71
-89
35
97
-30
-61
-27
-69
7
-36
71
20
-51
-26
-72
-95
91
-73
33
24
91
65
-71
-33
-74
-28
2
-49
84
-91
-8
77
98
-27
-41
40
-20
-87
34
-17
0
-83
55
96
-42
-96
82
4
80
-83
82
-17
-22
-91
-32
-63
-51
-26
69
-20
-53
4
-64
-34
-32
-51
-82
20
-95
3
99
75
22
-3
-19
-17
61
-37
-3
5
-39
-37
1
24
-66
27
-17
-41
-99
-47
-83
-88
56
23
-31
22
-11
16
-39
-57
70
61
-30
63
3
-19
84
65
-63
-23
51
-83
-74
-68
50
31
46
74
18
50
90
-76
-29
36
48
-50
28
-53
50
83
-87
13
-8
33
-31
-16
-98
-83
19
7
-17
-62
26
-75
60
68
-75
29
-3
-10
-32
-39
-1
0
29
35
45
-80
-86
-88
19
-28
-62
2
-32
32
-42
-9
85
-9
48
46
-53
-26
72
-55
56
-80
-18
61
43
21
42
3
-15
52
-35
23
-43
86
-94
71
8
70
51
20
-14
-99
88
11
-1
-69
54
0
6
-64
-23
-54
-80
-98
18
-12
99
-57
-72
-18
12
-79
27
-38
79
23
-95
-37
73
-24
-70
95
21
-24
-12
48
-98
-78
62
-81
31
57
-49
96
2
-24
-34
43
-33
-54
-36
97
-82
-11
53
-65
-13
-98
19
-26
64
94
85
63
-8
21
-10
-86
-13
66
-83
-79
41
-57
-8
33
-44
-99
-71
11
76
46
22
-72
17
-12
58
-48
-90
-5
47
16
42
-82
-74
-65
26
32
2
16
66
91
-51
-13
9
90
-14
81
6
-30
92
80
-80
54
68
-11
44
94
-11
-44
25
89
-18
10
-65
49
-39
-72
-73
22
78
-19
-55
75
74
-47
65
-10
56
-77
-67
7
95
-81
-9
0
4
28
-29
-29
-69
90
20
-89
-22
-81
-4
-67
-13
-93
27
-34
55
97
-89
42
-18
-23
-86
18
-75
25
69
7
-74
-3
82
-77
59
18
-16
81
-53
94
42
-35
99
28
23
-23
-10
32
-66
70
-68
-69
78
16
-79
49
-14
-7
-5
-55
0
-53
12
32
30
94
-25
-48
-68
23
58
60
32
-96
-92
85
2
63
72
-51
64
21
-57
-92
-62
95
76
-44
-35
97
-26
-74
72
-97
93
39
60
-18
13
92
87
76
-79
31
68
64
-33
82
-77
-55
44
-67
-81
35
56
-60
61
74
16
7
-4
-97
-24
-38
30
-49
-59
-16
8
-25
39
49
89
27
88
-57
-44
-99
-67
12
98
95
37
66
-12
78
36
-88
-12
7
-54
39
-9
26
-40
72
3
-78
-66
-10
50
54
83
71
-88
-31
83
1
-78
52
-50
-58
2
-76
-5
98
33
-96
-51
-57
74
51
42
20
88
-97
-46
36
-80
39
7
8
-55
97
59
-84
-72
52
-18
68
-2
18
66
-4
-50
98
75
-18
17
19
10
-89
-93
-65
33
59
77
-58
92
-14
-51
84
75
-79
99
-69
-69
-99
-64
35
98
27
-38
65
25
64
-77
63
-35
-32
-88
-13
-25
-20
96
81
-48
-25
0
-22
90
38
21
38
75
5
52
-5
-77
-46
-45
-32
45
-58
43
66
37
-73
9
57
-43
-30
1
-15
-26
59
-78
70
-20
-17
-44
-8
24
78
-81
-54
-46
-6
-18
96
63
61
17
-98
53
-61
-22
-7
68
-65
50
61
-72
-59
97
-18
21
-24
-29
-44
-89
97
-5
-87
-93
-49
48
98
83
-40
3
-85
-42
2
3
-54
-95
-30
86
12
-10
10
79
-62
-42
9
-70
-99
28
66
81
21
-80
91
51
-26
-85
62
-37
-60
-99
-58
18
1
84
-42
57
70
9
18
-79
-34
-96
-86
-73
-40
35
-56
56
88
0
96
22
49
82
13
44
-98
-22
50
-87
-29
-99
-30
0
-58
-10
-4
-42
14
-23
-92
-70
68
67
16
93
75
33
59
14
17
-59
-74
-50
-94
-18
5
76
38
-58
-25
76
30
-72
-88
-18
98
50
67
78
-15
-92
61
53
-38
32
78
58
-14
40
47
-91
71
-18
42
84
13
-2
-33
-41
44
-49
45
65
7
-34
-6
-23
-67
-84
-2
-11
-72
69
-80
77
-28
-73
3
-43
-12
-8
-38
-40
-70
-64
-90
-5
58
-61
54
92
47
-17
-69
46
87
54
-15
-37
61
-93
24
46
-61
93
78
84
62
-13
-59
73
-70
96
-83
17
-6
-28
77
-76
33
-32
-59
24
54
47
-63
-4
23
-73
20
73
-56
49
85
-71
19
-22
93
-30
43
0
76
67
-39
-4
-13
40
-20
-95
-52
95
-95
-86
-45
47
-81
21
94
63
85
-86
29
4
-53
75
-77
16
89
-40
-8
75
91
-37
-32
30
-23
-92
27
95
30
82
-8
-32
-47
66
-40
-37
40
-38
61
-82
89
-74
5
-40
-80
6
93
29
81
-69
-14
87
-86
65
44
99
96
-1
-45
-37
53
-46
64
99
42
-54
-52
-68
-53
-47
-37
33
34
3
4
86
-93
-21
80
16
-44
39
-10
0
-14
99
-1
-43
-56
-39
62
88
76
-85
-34
10
29
78
22
35
67
81
73
-20
-77
-51
-3
-27
82
71
-87
97
98
-80
14
-67
18
-72
86
6
-52
-55
-88
13
-96
-45
-78
39
-25
-80
7
32
35
-89
89
40
-42
-34
43
49
-98
-75
-84
-43
22
-10
69
-24
-23
-33
26
79
12
-63
66
92
-9
72
-17
82
58
-51
46
-27
41
-31
-25
-44
-67
-56
-71
96
-64
-33
-55
-29
47
8
-56
7
85
-84
90
81
73
68
-40
-60
62
34
10
29
-46
-94
55
-75
-36
-49
-70
40
22
-44
50
-49
72
58
46
-18
52
21
58
86
0
-21
72
74
91
54
-41
63
1
-11
96
27
-89
54
-1
8
53
69
-57
-27
95
0
26
-18
57
31
-54
-63
-17
65
-94
34
10
97
72
-55
-49
-67
-77
66
32
6
37
-91
-59
-56
24
-30
99
-74
90
-34
96
-13
77
29
-11
90
-50
-92
11
69
62
39
-79
-46
-51
-32
-1
-54
72
99
91
-19
-63
-14
35
54
40
73
-86
-86
47
21
20
-84
-19
-53
44
6
11
15
19
3
-41
-7
82
66
18
-43
-61
-80
-66
38
22
-9
-64
99
27
-97
-7
47
50
80
-75
6
81
76
16
-49
48
-4
-98
13
30
51
-46
82
96
-4
-15
-50
79
-89
77
-54
-80
92
-99
53
-24
1
88
18
84
-21
-98
13
48
-67
-38
4
89
-93
-19
98
54
-6
-39
2
91
-2
-93
99
92
-94
-73
35
80
-1
3
90
41
40
30
93
-58
45
-42
-8
-81
80
-46
70
67
-34
-47
13
87
82
-43
-47
-62
24
-19
-43
-86
92
78
63
-8
-66
48
-69
-65
-50
83
-7
50
25
-10
-68
-80
-60
-75
31
60
-81
84
3
77
-11
61
89
-9
-73
42
8
66
85
-81
91
23
97
-50
72
-6
-17
-27
45
-52
54
60
53
63
-12
63
47
88
78
-76
32
34
88
-62
-79
10
-6
-16
-30
-13
-67
-55
42
69
-90
-77
75
19
-33
-20
76
58
-82
62
-93
54
-69
80
-90
-40
20
3
-33
38
78
96
45
38
-90
-82
-7
93
-51
18
32
-63
99
63
-95
-67
1
93
68
-86
-38
-54
63
60
66
-44
88
35
-93
9
80
-63
-13
14
55
-58
-24
-97
65
-88
3
2
1
19
-7
16
92
-65
66
22
99
35
-93
-78
75
-24
44
-83
6
2
10
-52
16
-1
32
61
50
-18
-43
-50
15
50
52
58
-6
-31
-61
-35
-10
-88
-88
7
48
13
-69
6
50
53
78
39
-66
79
-55
-94
45
59
49
-41
7
-95
48
22
77
-20
-61
-2
-66
34
-7
40
-50
8
85
15
-98
-75
-40
58
-46
-9
-96
39
82
3
6
-83
-94
-34
69
-86
60
91
-64
82
-19
34
-27
17
63
73
-24
31
58
-22
10
18
52
25
-34
-38
-70
-64
-23
-97
16
87
-8
41
-48
-50
39
14
52
-94
41
98
43
-25
88
-15
2
-25
-33
-54
-16
-30
-75
49
42
-42
-41
-84
-26
10
-21
-40
-51
-6
55
82
0
-92
-98
18
55
-70
-46
-99
68
-83
-85
-55
-60
5
89
64
47
-60
-41
90
63
-3
69
25
-3
92
-94
-97
30
-66
43
-45
-56
54
-49
-34
56
40
6
-85
-31
-23
-72
-14
78
-40
-55
-89
-15
-45
57
-45
-71
-1
31
-96
77
-50
-99
-1
20
96
20
-72
41
93
-49
-14
-62
90
72
-41
56
95
40
35
-45
-91
-37
26
92
-99
55
35
30
86
20
1
-86
54
-1
-50
72
-57
-91
-77
-65
73
57
-42
-79
-52
89
-60
-17
33
85
69
90
33
-51
50
32
-51
21
-60
-36
49
-23
-24
0
-15
-61
20
-49
79
22
-55
-55
-48
-21
22
-78
0
52
-66
-11
40
-92
87
7
-52
-7
35
53
84
29
30
13
80
-65
57
-11
-68
86
48
-11
6
24
3
-30
89
-79
-31
45
-40
-73
2
89
-44
57
-67
46
90
78
11
62
72
-87
-42
45
-1
38
-11
52
-47
-94
-47
-55
90
-37
85
68
10
-61
45
17
-6
-46
83
-51
2
-44
-15
-25
-34
-50
7
89
60
32
-85
59
56
-10
34
8
56
86
-67
37
-62
16
80
59
-39
13
60
-26
-43
-42
33
-4
-37
75
27
-92
48
-70
9
79
-21
28
-82
-82
49
18
71
-47
-84
-87
-50
96
39
-35
-22
39
92
26
-52
6
-74
69
-19
-61
42
-31
43
-13
-85
-17
-88
21
